         sim	       state	        soln	      dist_x	        time	        step	          pH	          pe	    reaction	        temp	         Alk	          mu	    mass_H2O	      charge	     pct_err	          As	          Na	          Cl	
           1	      i_soln	           0	         -99	         -99	         -99	           7	          12	         -99	      25.000	 1.32869e-09	 0.000489214	           1	-2.81638e-05	    -3.13508	  1.3348e-05	  4.3499e-04	  4.2311e-04	
           1	      i_soln	           1	         -99	         -99	         -99	           7	          12	         -99	      25.000	 1.21651e-09	 1.00661e-07	           1	-1.21651e-09	   -0.604265	  0.0000e+00	  0.0000e+00	  0.0000e+00	
           1	      i_soln	           2	         -99	         -99	         -99	           7	          12	         -99	      25.000	 1.21651e-09	 1.00661e-07	           1	-1.21651e-09	   -0.604265	  0.0000e+00	  0.0000e+00	  0.0000e+00	
           1	      i_soln	           3	         -99	         -99	         -99	           7	          12	         -99	      25.000	 1.21651e-09	 1.00661e-07	           1	-1.21651e-09	   -0.604265	  0.0000e+00	  0.0000e+00	  0.0000e+00	
           1	      i_soln	           4	         -99	         -99	         -99	           7	          12	         -99	      25.000	 1.21651e-09	 1.00661e-07	           1	-1.21651e-09	   -0.604265	  0.0000e+00	  0.0000e+00	  0.0000e+00	
           1	      i_soln	           5	         -99	         -99	         -99	           7	          12	         -99	      25.000	 1.21651e-09	 1.00661e-07	           1	-1.21651e-09	   -0.604265	  0.0000e+00	  0.0000e+00	  0.0000e+00	
           1	      i_soln	           6	         -99	         -99	         -99	           7	          12	         -99	      25.000	 1.21651e-09	 1.00661e-07	           1	-1.21651e-09	   -0.604265	  0.0000e+00	  0.0000e+00	  0.0000e+00	
           1	      i_soln	           7	         -99	         -99	         -99	           7	          12	         -99	      25.000	 1.21651e-09	 1.00661e-07	           1	-1.21651e-09	   -0.604265	  0.0000e+00	  0.0000e+00	  0.0000e+00	
           1	      i_soln	           8	         -99	         -99	         -99	           7	          12	         -99	      25.000	 1.21651e-09	 1.00661e-07	           1	-1.21651e-09	   -0.604265	  0.0000e+00	  0.0000e+00	  0.0000e+00	
           1	      i_soln	           9	         -99	         -99	         -99	           7	          12	         -99	      25.000	 1.21651e-09	 1.00661e-07	           1	-1.21651e-09	   -0.604265	  0.0000e+00	  0.0000e+00	  0.0000e+00	
           1	      i_soln	          10	         -99	         -99	         -99	           7	          12	         -99	      25.000	 1.21651e-09	 1.00661e-07	           1	-1.21651e-09	   -0.604265	  0.0000e+00	  0.0000e+00	  0.0000e+00	
           1	      i_soln	          11	         -99	         -99	         -99	           7	          12	         -99	      25.000	 1.21651e-09	 1.00661e-07	           1	-1.21651e-09	   -0.604265	  0.0000e+00	  0.0000e+00	  0.0000e+00	
           1	      i_soln	          12	         -99	         -99	         -99	           7	          12	         -99	      25.000	 1.21651e-09	 1.00661e-07	           1	-1.21651e-09	   -0.604265	  0.0000e+00	  0.0000e+00	  0.0000e+00	
           1	      i_soln	          13	         -99	         -99	         -99	           7	          12	         -99	      25.000	 1.21651e-09	 1.00661e-07	           1	-1.21651e-09	   -0.604265	  0.0000e+00	  0.0000e+00	  0.0000e+00	
           1	      i_soln	          14	         -99	         -99	         -99	           7	          12	         -99	      25.000	 1.21651e-09	 1.00661e-07	           1	-1.21651e-09	   -0.604265	  0.0000e+00	  0.0000e+00	  0.0000e+00	
           1	      i_soln	          15	         -99	         -99	         -99	           7	          12	         -99	      25.000	 1.21651e-09	 1.00661e-07	           1	-1.21651e-09	   -0.604265	  0.0000e+00	  0.0000e+00	  0.0000e+00	
           1	      i_soln	          16	         -99	         -99	         -99	           7	          12	         -99	      25.000	 1.21651e-09	 1.00661e-07	           1	-1.21651e-09	   -0.604265	  0.0000e+00	  0.0000e+00	  0.0000e+00	
           1	      i_soln	          17	         -99	         -99	         -99	           7	          12	         -99	      25.000	 1.21651e-09	 1.00661e-07	           1	-1.21651e-09	   -0.604265	  0.0000e+00	  0.0000e+00	  0.0000e+00	
           1	      i_soln	          18	         -99	         -99	         -99	           7	          12	         -99	      25.000	 1.21651e-09	 1.00661e-07	           1	-1.21651e-09	   -0.604265	  0.0000e+00	  0.0000e+00	  0.0000e+00	
           1	      i_soln	          19	         -99	         -99	         -99	           7	          12	         -99	      25.000	 1.21651e-09	 1.00661e-07	           1	-1.21651e-09	   -0.604265	  0.0000e+00	  0.0000e+00	  0.0000e+00	
           1	      i_soln	          20	         -99	         -99	         -99	           7	          12	         -99	      25.000	 1.21651e-09	 1.00661e-07	           1	-1.21651e-09	   -0.604265	  0.0000e+00	  0.0000e+00	  0.0000e+00	
           1	      transp	          20	        19.5	           0	           0	           7	          12	         -99	      25.000	 1.21651e-09	 1.00645e-07	           1	-1.21651e-09	   -0.604357	  0.0000e+00	  0.0000e+00	  0.0000e+00	
           1	      transp	          20	        19.5	        4320	           1	           7	          12	         -99	      25.000	 1.21651e-09	 1.00645e-07	           1	-1.21651e-09	   -0.604357	  0.0000e+00	  0.0000e+00	  0.0000e+00	
           1	      transp	          20	        19.5	        8640	           2	           7	          12	         -99	      25.000	 1.21651e-09	 1.00645e-07	           1	-1.21651e-09	   -0.604357	  0.0000e+00	  0.0000e+00	  0.0000e+00	
           1	      transp	          20	        19.5	       12960	           3	           7	          12	         -99	      25.000	 1.21651e-09	 1.00645e-07	           1	-1.21651e-09	   -0.604357	  0.0000e+00	  0.0000e+00	  0.0000e+00	
           1	      transp	          20	        19.5	       17280	           4	           7	          12	         -99	      25.000	 1.21651e-09	 1.00645e-07	           1	-1.21651e-09	   -0.604357	  0.0000e+00	  0.0000e+00	  0.0000e+00	
           1	      transp	          20	        19.5	       21600	           5	           7	          12	         -99	      25.000	 1.21651e-09	 1.00645e-07	           1	-1.21651e-09	   -0.604357	  0.0000e+00	  0.0000e+00	  0.0000e+00	
           1	      transp	          20	        19.5	       25920	           6	           7	          12	         -99	      25.000	 1.21651e-09	 1.00645e-07	           1	-1.21651e-09	   -0.604357	  0.0000e+00	  0.0000e+00	  0.0000e+00	
           1	      transp	          20	        19.5	       30240	           7	           7	          12	         -99	      25.000	 1.21651e-09	 1.00645e-07	           1	-1.21651e-09	   -0.604357	  0.0000e+00	  0.0000e+00	  0.0000e+00	
           1	      transp	          20	        19.5	       34560	           8	           7	          12	         -99	      25.000	 1.21651e-09	 1.00645e-07	           1	-1.21651e-09	   -0.604357	  0.0000e+00	  0.0000e+00	  0.0000e+00	
           1	      transp	          20	        19.5	       38880	           9	           7	          12	         -99	      25.000	 1.21651e-09	 1.00645e-07	           1	-1.21651e-09	   -0.604357	  0.0000e+00	  0.0000e+00	  0.0000e+00	
           1	      transp	          20	        19.5	       43200	          10	           7	          12	         -99	      25.000	 1.21651e-09	 1.00645e-07	           1	-1.21651e-09	   -0.604357	  3.4665e-25	  1.1297e-23	  1.0989e-23	
           1	      transp	          20	        19.5	       47520	          11	           7	          12	         -99	      25.000	 1.21651e-09	 1.00645e-07	           1	-1.21651e-09	   -0.604357	  1.6655e-21	  5.4287e-20	  5.2804e-20	
           1	      transp	          20	        19.5	       51840	          12	           7	          12	         -99	      25.000	 1.21651e-09	 1.00645e-07	           1	-1.21651e-09	   -0.604357	  1.3087e-18	  4.2649e-17	  4.1484e-17	
           1	      transp	          20	        19.5	       56160	          13	           7	          12	         -99	      25.000	 1.21651e-09	 1.00645e-07	           1	-1.21652e-09	   -0.604357	  3.9646e-16	  1.2920e-14	  1.2567e-14	
           1	      transp	          20	        19.5	       60480	          14	           7	          12	         -99	      25.000	 1.21651e-09	 1.00648e-07	           1	-1.21664e-09	   -0.604408	  6.0693e-14	  1.9779e-12	  1.9239e-12	
           1	      transp	          20	        19.5	       64800	          15	           7	          12	         -99	      25.000	 1.21651e-09	  1.0084e-07	           1	-1.22774e-09	   -0.608849	  5.3182e-12	  1.7332e-10	  1.6858e-10	
           1	      transp	          20	        19.5	       69120	          16	           7	          12	         -99	      25.000	 1.21652e-09	 1.11025e-07	           1	-1.81408e-09	   -0.823266	  2.8322e-10	  9.2298e-09	  8.9777e-09	
           1	      transp	          20	        19.5	       73440	          17	           7	          12	         -99	      25.000	 1.21659e-09	 4.43111e-07	           1	 -2.0933e-08	    -2.52158	  9.3446e-09	  3.0453e-07	  2.9621e-07	
           1	      transp	          20	        19.5	       77760	          18	     6.99999	          12	         -99	      25.000	 1.21809e-09	 6.97366e-06	           1	-3.96943e-07	    -3.09579	  1.8755e-07	  6.1122e-06	  5.9453e-06	
           1	      transp	          20	        19.5	       82080	          19	     6.99998	          12	         -99	      25.000	 1.23442e-09	 7.81574e-05	           1	-4.49559e-06	    -3.13207	  2.1301e-06	  6.9418e-05	  6.7522e-05	
           1	      transp	          20	        19.5	       86400	          20	     6.99999	          12	         -99	      25.000	 1.31113e-09	 0.000412669	           1	-2.37564e-05	    -3.13498	  1.1259e-05	  3.6691e-04	  3.5689e-04	
           1	      transp	          20	        19.5	       90720	          21	           7	          12	         -99	      25.000	 1.32683e-09	 0.000481126	           1	-2.76981e-05	    -3.13507	  1.3127e-05	  4.2779e-04	  4.1611e-04	
           1	      transp	          20	        19.5	       95040	          22	           7	          12	         -99	      25.000	 1.32855e-09	 0.000488604	           1	-2.81286e-05	    -3.13508	  1.3331e-05	  4.3444e-04	  4.2258e-04	
           1	      transp	          20	        19.5	       99360	          23	           7	          12	         -99	      25.000	 1.32868e-09	 0.000489178	           1	-2.81617e-05	    -3.13508	  1.3347e-05	  4.3495e-04	  4.2307e-04	
           1	      transp	          20	        19.5	      103680	          24	           7	          12	         -99	      25.000	 1.32869e-09	 0.000489212	           1	-2.81637e-05	    -3.13508	  1.3348e-05	  4.3499e-04	  4.2310e-04	
           1	      transp	          20	        19.5	      108000	          25	           7	          12	         -99	      25.000	 1.32869e-09	 0.000489214	           1	-2.81638e-05	    -3.13508	  1.3348e-05	  4.3499e-04	  4.2311e-04	
           1	      transp	          20	        19.5	      112320	          26	           7	          12	         -99	      25.000	 1.32869e-09	 0.000489214	           1	-2.81638e-05	    -3.13508	  1.3348e-05	  4.3499e-04	  4.2311e-04	
           1	      transp	          20	        19.5	      116640	          27	           7	          12	         -99	      25.000	 1.32869e-09	 0.000489214	           1	-2.81638e-05	    -3.13508	  1.3348e-05	  4.3499e-04	  4.2311e-04	
           1	      transp	          20	        19.5	      120960	          28	           7	          12	         -99	      25.000	 1.32869e-09	 0.000489214	           1	-2.81638e-05	    -3.13508	  1.3348e-05	  4.3499e-04	  4.2311e-04	
           1	      transp	          20	        19.5	      125280	          29	           7	          12	         -99	      25.000	 1.32869e-09	 0.000489214	           1	-2.81638e-05	    -3.13508	  1.3348e-05	  4.3499e-04	  4.2311e-04	
           1	      transp	          20	        19.5	      129600	          30	           7	          12	         -99	      25.000	 1.32869e-09	 0.000489214	           1	-2.81638e-05	    -3.13508	  1.3348e-05	  4.3499e-04	  4.2311e-04	
           1	      transp	          20	        19.5	      133920	          31	           7	          12	         -99	      25.000	 1.32869e-09	 0.000489214	           1	-2.81638e-05	    -3.13508	  1.3348e-05	  4.3499e-04	  4.2311e-04	
           1	      transp	          20	        19.5	      138240	          32	           7	          12	         -99	      25.000	 1.32869e-09	 0.000489214	           1	-2.81638e-05	    -3.13508	  1.3348e-05	  4.3499e-04	  4.2311e-04	
           1	      transp	          20	        19.5	      142560	          33	           7	          12	         -99	      25.000	 1.32869e-09	 0.000489214	           1	-2.81638e-05	    -3.13508	  1.3348e-05	  4.3499e-04	  4.2311e-04	
           1	      transp	          20	        19.5	      146880	          34	           7	          12	         -99	      25.000	 1.32869e-09	 0.000489214	           1	-2.81638e-05	    -3.13508	  1.3348e-05	  4.3499e-04	  4.2311e-04	
           1	      transp	          20	        19.5	      151200	          35	           7	          12	         -99	      25.000	 1.32869e-09	 0.000489214	           1	-2.81638e-05	    -3.13508	  1.3348e-05	  4.3499e-04	  4.2311e-04	
           1	      transp	          20	        19.5	      155520	          36	           7	          12	         -99	      25.000	 1.32869e-09	 0.000489214	           1	-2.81638e-05	    -3.13508	  1.3348e-05	  4.3499e-04	  4.2311e-04	
           1	      transp	          20	        19.5	      159840	          37	           7	          12	         -99	      25.000	 1.32869e-09	 0.000489214	           1	-2.81638e-05	    -3.13508	  1.3348e-05	  4.3499e-04	  4.2311e-04	
           1	      transp	          20	        19.5	      164160	          38	           7	          12	         -99	      25.000	 1.32869e-09	 0.000489214	           1	-2.81638e-05	    -3.13508	  1.3348e-05	  4.3499e-04	  4.2311e-04	
           1	      transp	          20	        19.5	      168480	          39	           7	          12	         -99	      25.000	 1.32869e-09	 0.000489214	           1	-2.81638e-05	    -3.13508	  1.3348e-05	  4.3499e-04	  4.2311e-04	
           1	      transp	          20	        19.5	      172800	          40	           7	          12	         -99	      25.000	 1.32869e-09	 0.000489214	           1	-2.81638e-05	    -3.13508	  1.3348e-05	  4.3499e-04	  4.2311e-04	
           1	      transp	          20	        19.5	      177120	          41	           7	          12	         -99	      25.000	 1.32869e-09	 0.000489214	           1	-2.81638e-05	    -3.13508	  1.3348e-05	  4.3499e-04	  4.2311e-04	
           1	      transp	          20	        19.5	      181440	          42	           7	          12	         -99	      25.000	 1.32869e-09	 0.000489214	           1	-2.81638e-05	    -3.13508	  1.3348e-05	  4.3499e-04	  4.2311e-04	
           1	      transp	          20	        19.5	      185760	          43	           7	          12	         -99	      25.000	 1.32869e-09	 0.000489214	           1	-2.81638e-05	    -3.13508	  1.3348e-05	  4.3499e-04	  4.2311e-04	
           1	      transp	          20	        19.5	      190080	          44	           7	          12	         -99	      25.000	 1.32869e-09	 0.000489214	           1	-2.81638e-05	    -3.13508	  1.3348e-05	  4.3499e-04	  4.2311e-04	
           1	      transp	          20	        19.5	      194400	          45	           7	          12	         -99	      25.000	 1.32869e-09	 0.000489214	           1	-2.81638e-05	    -3.13508	  1.3348e-05	  4.3499e-04	  4.2311e-04	
           1	      transp	          20	        19.5	      198720	          46	           7	          12	         -99	      25.000	 1.32869e-09	 0.000489214	           1	-2.81638e-05	    -3.13508	  1.3348e-05	  4.3499e-04	  4.2311e-04	
           1	      transp	          20	        19.5	      203040	          47	           7	          12	         -99	      25.000	 1.32869e-09	 0.000489214	           1	-2.81638e-05	    -3.13508	  1.3348e-05	  4.3499e-04	  4.2311e-04	
           1	      transp	          20	        19.5	      207360	          48	           7	          12	         -99	      25.000	 1.32869e-09	 0.000489214	           1	-2.81638e-05	    -3.13508	  1.3348e-05	  4.3499e-04	  4.2311e-04	
           1	      transp	          20	        19.5	      211680	          49	           7	          12	         -99	      25.000	 1.32869e-09	 0.000489214	           1	-2.81638e-05	    -3.13508	  1.3348e-05	  4.3499e-04	  4.2311e-04	
           1	      transp	          20	        19.5	      216000	          50	           7	          12	         -99	      25.000	 1.32869e-09	 0.000489214	           1	-2.81638e-05	    -3.13508	  1.3348e-05	  4.3499e-04	  4.2311e-04	
           1	      transp	          20	        19.5	      220320	          51	           7	          12	         -99	      25.000	 1.32869e-09	 0.000489214	           1	-2.81638e-05	    -3.13508	  1.3348e-05	  4.3499e-04	  4.2311e-04	
           1	      transp	          20	        19.5	      224640	          52	           7	          12	         -99	      25.000	 1.32869e-09	 0.000489214	           1	-2.81638e-05	    -3.13508	  1.3348e-05	  4.3499e-04	  4.2311e-04	
           1	      transp	          20	        19.5	      228960	          53	           7	          12	         -99	      25.000	 1.32869e-09	 0.000489214	           1	-2.81638e-05	    -3.13508	  1.3348e-05	  4.3499e-04	  4.2311e-04	
           1	      transp	          20	        19.5	      233280	          54	           7	          12	         -99	      25.000	 1.32869e-09	 0.000489214	           1	-2.81638e-05	    -3.13508	  1.3348e-05	  4.3499e-04	  4.2311e-04	
           1	      transp	          20	        19.5	      237600	          55	           7	          12	         -99	      25.000	 1.32869e-09	 0.000489214	           1	-2.81638e-05	    -3.13508	  1.3348e-05	  4.3499e-04	  4.2311e-04	
           1	      transp	          20	        19.5	      241920	          56	           7	          12	         -99	      25.000	 1.32869e-09	 0.000489214	           1	-2.81638e-05	    -3.13508	  1.3348e-05	  4.3499e-04	  4.2311e-04	
           1	      transp	          20	        19.5	      246240	          57	           7	          12	         -99	      25.000	 1.32869e-09	 0.000489214	           1	-2.81638e-05	    -3.13508	  1.3348e-05	  4.3499e-04	  4.2311e-04	
           1	      transp	          20	        19.5	      250560	          58	           7	          12	         -99	      25.000	 1.32869e-09	 0.000489214	           1	-2.81638e-05	    -3.13508	  1.3348e-05	  4.3499e-04	  4.2311e-04	
           1	      transp	          20	        19.5	      254880	          59	           7	          12	         -99	      25.000	 1.32869e-09	 0.000489214	           1	-2.81638e-05	    -3.13508	  1.3348e-05	  4.3499e-04	  4.2311e-04	
           1	      transp	          20	        19.5	      259200	          60	           7	          12	         -99	      25.000	 1.32869e-09	 0.000489214	           1	-2.81638e-05	    -3.13508	  1.3348e-05	  4.3499e-04	  4.2311e-04	
           1	      transp	          20	        19.5	      263520	          61	           7	          12	         -99	      25.000	 1.32869e-09	 0.000489214	           1	-2.81638e-05	    -3.13508	  1.3348e-05	  4.3499e-04	  4.2311e-04	
           1	      transp	          20	        19.5	      267840	          62	           7	          12	         -99	      25.000	 1.32869e-09	 0.000489214	           1	-2.81638e-05	    -3.13508	  1.3348e-05	  4.3499e-04	  4.2311e-04	
           1	      transp	          20	        19.5	      272160	          63	           7	          12	         -99	      25.000	 1.32869e-09	 0.000489214	           1	-2.81638e-05	    -3.13508	  1.3348e-05	  4.3499e-04	  4.2311e-04	
           1	      transp	          20	        19.5	      276480	          64	           7	          12	         -99	      25.000	 1.32869e-09	 0.000489214	           1	-2.81638e-05	    -3.13508	  1.3348e-05	  4.3499e-04	  4.2311e-04	
           1	      transp	          20	        19.5	      280800	          65	           7	          12	         -99	      25.000	 1.32869e-09	 0.000489214	           1	-2.81638e-05	    -3.13508	  1.3348e-05	  4.3499e-04	  4.2311e-04	
           1	      transp	          20	        19.5	      285120	          66	           7	          12	         -99	      25.000	 1.32869e-09	 0.000489214	           1	-2.81638e-05	    -3.13508	  1.3348e-05	  4.3499e-04	  4.2311e-04	
           1	      transp	          20	        19.5	      289440	          67	           7	          12	         -99	      25.000	 1.32869e-09	 0.000489214	           1	-2.81638e-05	    -3.13508	  1.3348e-05	  4.3499e-04	  4.2311e-04	
           1	      transp	          20	        19.5	      293760	          68	           7	          12	         -99	      25.000	 1.32869e-09	 0.000489214	           1	-2.81638e-05	    -3.13508	  1.3348e-05	  4.3499e-04	  4.2311e-04	
           1	      transp	          20	        19.5	      298080	          69	           7	          12	         -99	      25.000	 1.32869e-09	 0.000489214	           1	-2.81638e-05	    -3.13508	  1.3348e-05	  4.3499e-04	  4.2311e-04	
           1	      transp	          20	        19.5	      302400	          70	           7	          12	         -99	      25.000	 1.32869e-09	 0.000489214	           1	-2.81638e-05	    -3.13508	  1.3348e-05	  4.3499e-04	  4.2311e-04	
           1	      transp	          20	        19.5	      306720	          71	           7	          12	         -99	      25.000	 1.32869e-09	 0.000489214	           1	-2.81638e-05	    -3.13508	  1.3348e-05	  4.3499e-04	  4.2311e-04	
           1	      transp	          20	        19.5	      311040	          72	           7	          12	         -99	      25.000	 1.32869e-09	 0.000489214	           1	-2.81638e-05	    -3.13508	  1.3348e-05	  4.3499e-04	  4.2311e-04	
           1	      transp	          20	        19.5	      315360	          73	           7	          12	         -99	      25.000	 1.32869e-09	 0.000489214	           1	-2.81638e-05	    -3.13508	  1.3348e-05	  4.3499e-04	  4.2311e-04	
           1	      transp	          20	        19.5	      319680	          74	           7	          12	         -99	      25.000	 1.32869e-09	 0.000489214	           1	-2.81638e-05	    -3.13508	  1.3348e-05	  4.3499e-04	  4.2311e-04	
           1	      transp	          20	        19.5	      324000	          75	           7	          12	         -99	      25.000	 1.32869e-09	 0.000489214	           1	-2.81638e-05	    -3.13508	  1.3348e-05	  4.3499e-04	  4.2311e-04	
           1	      transp	          20	        19.5	      328320	          76	           7	          12	         -99	      25.000	 1.32869e-09	 0.000489214	           1	-2.81638e-05	    -3.13508	  1.3348e-05	  4.3499e-04	  4.2311e-04	
           1	      transp	          20	        19.5	      332640	          77	           7	          12	         -99	      25.000	 1.32869e-09	 0.000489214	           1	-2.81638e-05	    -3.13508	  1.3348e-05	  4.3499e-04	  4.2311e-04	
           1	      transp	          20	        19.5	      336960	          78	           7	          12	         -99	      25.000	 1.32869e-09	 0.000489214	           1	-2.81638e-05	    -3.13508	  1.3348e-05	  4.3499e-04	  4.2311e-04	
           1	      transp	          20	        19.5	      341280	          79	           7	          12	         -99	      25.000	 1.32869e-09	 0.000489214	           1	-2.81638e-05	    -3.13508	  1.3348e-05	  4.3499e-04	  4.2311e-04	
           1	      transp	          20	        19.5	      345600	          80	           7	          12	         -99	      25.000	 1.32869e-09	 0.000489214	           1	-2.81638e-05	    -3.13508	  1.3348e-05	  4.3499e-04	  4.2311e-04	
           1	      transp	          20	        19.5	      349920	          81	           7	          12	         -99	      25.000	 1.32869e-09	 0.000489214	           1	-2.81638e-05	    -3.13508	  1.3348e-05	  4.3499e-04	  4.2311e-04	
           1	      transp	          20	        19.5	      354240	          82	           7	          12	         -99	      25.000	 1.32869e-09	 0.000489214	           1	-2.81638e-05	    -3.13508	  1.3348e-05	  4.3499e-04	  4.2311e-04	
           1	      transp	          20	        19.5	      358560	          83	           7	          12	         -99	      25.000	 1.32869e-09	 0.000489214	           1	-2.81638e-05	    -3.13508	  1.3348e-05	  4.3499e-04	  4.2311e-04	
           1	      transp	          20	        19.5	      362880	          84	           7	          12	         -99	      25.000	 1.32869e-09	 0.000489214	           1	-2.81638e-05	    -3.13508	  1.3348e-05	  4.3499e-04	  4.2311e-04	
           1	      transp	          20	        19.5	      367200	          85	           7	          12	         -99	      25.000	 1.32869e-09	 0.000489214	           1	-2.81638e-05	    -3.13508	  1.3348e-05	  4.3499e-04	  4.2311e-04	
           1	      transp	          20	        19.5	      371520	          86	           7	          12	         -99	      25.000	 1.32869e-09	 0.000489214	           1	-2.81638e-05	    -3.13508	  1.3348e-05	  4.3499e-04	  4.2311e-04	
           1	      transp	          20	        19.5	      375840	          87	           7	          12	         -99	      25.000	 1.32869e-09	 0.000489214	           1	-2.81638e-05	    -3.13508	  1.3348e-05	  4.3499e-04	  4.2311e-04	
           1	      transp	          20	        19.5	      380160	          88	           7	          12	         -99	      25.000	 1.32869e-09	 0.000489214	           1	-2.81638e-05	    -3.13508	  1.3348e-05	  4.3499e-04	  4.2311e-04	
           1	      transp	          20	        19.5	      384480	          89	           7	          12	         -99	      25.000	 1.32869e-09	 0.000489214	           1	-2.81638e-05	    -3.13508	  1.3348e-05	  4.3499e-04	  4.2311e-04	
           1	      transp	          20	        19.5	      388800	          90	           7	          12	         -99	      25.000	 1.32869e-09	 0.000489214	           1	-2.81638e-05	    -3.13508	  1.3348e-05	  4.3499e-04	  4.2311e-04	
           1	      transp	          20	        19.5	      393120	          91	           7	          12	         -99	      25.000	 1.32869e-09	 0.000489214	           1	-2.81638e-05	    -3.13508	  1.3348e-05	  4.3499e-04	  4.2311e-04	
           1	      transp	          20	        19.5	      397440	          92	           7	          12	         -99	      25.000	 1.32869e-09	 0.000489214	           1	-2.81638e-05	    -3.13508	  1.3348e-05	  4.3499e-04	  4.2311e-04	
           1	      transp	          20	        19.5	      401760	          93	           7	          12	         -99	      25.000	 1.32869e-09	 0.000489214	           1	-2.81638e-05	    -3.13508	  1.3348e-05	  4.3499e-04	  4.2311e-04	
           1	      transp	          20	        19.5	      406080	          94	           7	          12	         -99	      25.000	 1.32869e-09	 0.000489214	           1	-2.81638e-05	    -3.13508	  1.3348e-05	  4.3499e-04	  4.2311e-04	
           1	      transp	          20	        19.5	      410400	          95	           7	          12	         -99	      25.000	 1.32869e-09	 0.000489214	           1	-2.81638e-05	    -3.13508	  1.3348e-05	  4.3499e-04	  4.2311e-04	
           1	      transp	          20	        19.5	      414720	          96	           7	          12	         -99	      25.000	 1.32869e-09	 0.000489214	           1	-2.81638e-05	    -3.13508	  1.3348e-05	  4.3499e-04	  4.2311e-04	
           1	      transp	          20	        19.5	      419040	          97	           7	          12	         -99	      25.000	 1.32869e-09	 0.000489214	           1	-2.81638e-05	    -3.13508	  1.3348e-05	  4.3499e-04	  4.2311e-04	
           1	      transp	          20	        19.5	      423360	          98	           7	          12	         -99	      25.000	 1.32869e-09	 0.000489214	           1	-2.81638e-05	    -3.13508	  1.3348e-05	  4.3499e-04	  4.2311e-04	
           1	      transp	          20	        19.5	      427680	          99	           7	          12	         -99	      25.000	 1.32869e-09	 0.000489214	           1	-2.81638e-05	    -3.13508	  1.3348e-05	  4.3499e-04	  4.2311e-04	
           1	      transp	          20	        19.5	      432000	         100	           7	          12	         -99	      25.000	 1.32869e-09	 0.000489214	           1	-2.81638e-05	    -3.13508	  1.3348e-05	  4.3499e-04	  4.2311e-04	
