        step	          pH	          pe	          Ca	           S	          Fe	          Al	          Mn	        C(4)	      Gypsum	    d_Gypsum	  Fe(OH)3(a)	d_Fe(OH)3(a)	    Gibbsite	  d_Gibbsite	     Calcite	   d_Calcite	  si_Calcite	   si_Gypsum	si_Fe(OH)3(a)	 si_Gibbsite	
         -99	           2	           4	  0.0000e+00	  2.7158e-02	  9.8820e-03	  7.4378e-03	  9.1323e-04	  0.0000e+00	  0.0000e+00	  0.0000e+00	  0.0000e+00	  0.0000e+00	  0.0000e+00	  0.0000e+00	  0.0000e+00	  0.0000e+00	   -999.9990	   -999.9990	     -3.8391	     -5.6486	
           1	     2.02702	     10.5963	  5.0000e-04	  2.7158e-02	  9.8819e-03	  7.4378e-03	  9.1322e-04	  1.3438e-05	  0.0000e+00	  0.0000e+00	  0.0000e+00	  0.0000e+00	  0.0000e+00	  0.0000e+00	  0.0000e+00	  0.0000e+00	    -12.8032	     -1.5219	     -3.7619	     -5.5717	
           2	     2.05562	     10.5935	  9.9998e-04	  2.7157e-02	  9.8819e-03	  7.4377e-03	  9.1321e-04	  1.3437e-05	  0.0000e+00	  0.0000e+00	  0.0000e+00	  0.0000e+00	  0.0000e+00	  0.0000e+00	  0.0000e+00	  0.0000e+00	    -12.4462	     -1.2180	     -3.6800	     -5.4901	
           3	       2.086	     10.5907	  1.5000e-03	  2.7157e-02	  9.8818e-03	  7.4376e-03	  9.1321e-04	  1.3436e-05	  0.0000e+00	  0.0000e+00	  0.0000e+00	  0.0000e+00	  0.0000e+00	  0.0000e+00	  0.0000e+00	  0.0000e+00	    -12.2106	     -1.0391	     -3.5929	     -5.4032	
           4	     2.11841	     10.5877	  1.9999e-03	  2.7157e-02	  9.8817e-03	  7.4376e-03	  9.1320e-04	  1.3436e-05	  0.0000e+00	  0.0000e+00	  0.0000e+00	  0.0000e+00	  0.0000e+00	  0.0000e+00	  0.0000e+00	  0.0000e+00	    -12.0220	     -0.9113	     -3.4999	     -5.3103	
           5	     2.15314	     10.5845	  2.4999e-03	  2.7157e-02	  9.8816e-03	  7.4375e-03	  9.1319e-04	  1.3435e-05	  0.0000e+00	  0.0000e+00	  0.0000e+00	  0.0000e+00	  0.0000e+00	  0.0000e+00	  0.0000e+00	  0.0000e+00	    -11.8569	     -0.8115	     -3.4001	     -5.2104	
           6	     2.19058	     10.5812	  2.9998e-03	  2.7156e-02	  9.8815e-03	  7.4374e-03	  9.1318e-04	  1.3434e-05	  0.0000e+00	  0.0000e+00	  0.0000e+00	  0.0000e+00	  0.0000e+00	  0.0000e+00	  0.0000e+00	  0.0000e+00	    -11.7041	     -0.7294	     -3.2923	     -5.1025	
           7	      2.2312	     10.5777	  3.4998e-03	  2.7156e-02	  9.8814e-03	  7.4374e-03	  9.1317e-04	  1.3433e-05	  0.0000e+00	  0.0000e+00	  0.0000e+00	  0.0000e+00	  0.0000e+00	  0.0000e+00	  0.0000e+00	  0.0000e+00	    -11.5572	     -0.6595	     -3.1752	     -4.9851	
           8	     2.27561	     10.5739	  3.9997e-03	  2.7156e-02	  9.8813e-03	  7.4373e-03	  9.1317e-04	  1.3433e-05	  0.0000e+00	  0.0000e+00	  0.0000e+00	  0.0000e+00	  0.0000e+00	  0.0000e+00	  0.0000e+00	  0.0000e+00	    -11.4117	     -0.5986	     -3.0471	     -4.8563	
           9	     2.32462	     10.5698	  4.4996e-03	  2.7156e-02	  9.8812e-03	  7.4372e-03	  9.1316e-04	  1.3432e-05	  0.0000e+00	  0.0000e+00	  0.0000e+00	  0.0000e+00	  0.0000e+00	  0.0000e+00	  0.0000e+00	  0.0000e+00	    -11.2639	     -0.5444	     -2.9055	     -4.7138	
          10	     2.37931	     10.5652	  4.9996e-03	  2.7155e-02	  9.8811e-03	  7.4372e-03	  9.1315e-04	  1.3432e-05	  0.0000e+00	  0.0000e+00	  0.0000e+00	  0.0000e+00	  0.0000e+00	  0.0000e+00	  0.0000e+00	  0.0000e+00	    -11.1100	     -0.4957	     -2.7474	     -4.5543	
          11	     2.44124	     10.5599	  5.4995e-03	  2.7155e-02	  9.8811e-03	  7.4371e-03	  9.1314e-04	  1.3431e-05	  0.0000e+00	  0.0000e+00	  0.0000e+00	  0.0000e+00	  0.0000e+00	  0.0000e+00	  0.0000e+00	  0.0000e+00	    -10.9462	     -0.4512	     -2.5682	     -4.3732	
          12	     2.51262	     10.5535	  5.9994e-03	  2.7155e-02	  9.8810e-03	  7.4371e-03	  9.1313e-04	  1.3431e-05	  0.0000e+00	  0.0000e+00	  0.0000e+00	  0.0000e+00	  0.0000e+00	  0.0000e+00	  0.0000e+00	  0.0000e+00	    -10.7670	     -0.4104	     -2.3618	     -4.1638	
          13	     2.59692	     10.5456	  6.4992e-03	  2.7155e-02	  9.8809e-03	  7.4370e-03	  9.1312e-04	  1.3430e-05	  0.0000e+00	  0.0000e+00	  0.0000e+00	  0.0000e+00	  0.0000e+00	  0.0000e+00	  0.0000e+00	  0.0000e+00	    -10.5650	     -0.3726	     -2.1182	     -3.9157	
          14	      2.6998	     10.5346	  6.9991e-03	  2.7155e-02	  9.8808e-03	  7.4369e-03	  9.1312e-04	  1.3430e-05	  0.0000e+00	  0.0000e+00	  0.0000e+00	  0.0000e+00	  0.0000e+00	  0.0000e+00	  0.0000e+00	  0.0000e+00	    -10.3286	     -0.3372	     -1.8220	     -3.6120	
          15	     2.83132	     10.5178	  7.4990e-03	  2.7154e-02	  9.8807e-03	  7.4369e-03	  9.1311e-04	  1.3431e-05	  0.0000e+00	  0.0000e+00	  0.0000e+00	  0.0000e+00	  0.0000e+00	  0.0000e+00	  0.0000e+00	  0.0000e+00	    -10.0372	     -0.3041	     -1.4459	     -3.2226	
          16	      3.0109	     10.4863	  7.9989e-03	  2.7154e-02	  9.8806e-03	  7.4368e-03	  9.1310e-04	  1.3433e-05	  0.0000e+00	  0.0000e+00	  0.0000e+00	  0.0000e+00	  0.0000e+00	  0.0000e+00	  0.0000e+00	  0.0000e+00	     -9.6517	     -0.2728	     -0.9403	     -2.6894	
          17	     3.27439	     10.4098	  8.4987e-03	  2.7154e-02	  9.8806e-03	  7.4368e-03	  9.1310e-04	  1.3440e-05	  0.0000e+00	  0.0000e+00	  0.0000e+00	  0.0000e+00	  0.0000e+00	  0.0000e+00	  0.0000e+00	  0.0000e+00	     -9.1007	     -0.2430	     -0.2286	     -1.9055	
          18	     3.41639	     10.2141	  8.9987e-03	  2.7154e-02	  9.6434e-03	  7.4368e-03	  9.1310e-04	  1.3446e-05	  0.0000e+00	  0.0000e+00	  2.3720e-04	  2.3720e-04	  0.0000e+00	  0.0000e+00	  0.0000e+00	  0.0000e+00	     -8.7936	     -0.2161	      0.0000	     -1.4840	
          19	     3.53075	      9.8724	  9.4987e-03	  2.7154e-02	  9.3306e-03	  7.4368e-03	  9.1311e-04	  1.3453e-05	  0.0000e+00	  0.0000e+00	  5.5011e-04	  5.5011e-04	  0.0000e+00	  0.0000e+00	  0.0000e+00	  0.0000e+00	     -8.5427	     -0.1912	      0.0000	     -1.1443	
          20	     3.85006	     8.91577	  9.9987e-03	  2.7154e-02	  9.0550e-03	  7.4369e-03	  9.1311e-04	  1.3488e-05	  0.0000e+00	  0.0000e+00	  8.2581e-04	  8.2581e-04	  0.0000e+00	  0.0000e+00	  0.0000e+00	  0.0000e+00	     -7.8832	     -0.1674	      0.0000	     -0.1908	
          21	      3.9211	     8.70433	  1.0499e-02	  2.7154e-02	  9.0364e-03	  7.1324e-03	  9.1312e-04	  1.3499e-05	  0.0000e+00	  0.0000e+00	  8.4445e-04	  8.4445e-04	  3.0456e-04	  3.0456e-04	  0.0000e+00	  0.0000e+00	     -7.7216	     -0.1445	      0.0000	     -0.0000	
          22	     3.92924	      8.6816	  1.0999e-02	  2.7155e-02	  9.0349e-03	  6.8009e-03	  9.1312e-04	  1.3499e-05	  0.0000e+00	  0.0000e+00	  8.4606e-04	  8.4606e-04	  6.3613e-04	  6.3613e-04	  0.0000e+00	  0.0000e+00	     -7.6868	     -0.1228	      0.0000	      0.0000	
          23	     3.93771	     8.65785	  1.1499e-02	  2.7155e-02	  9.0334e-03	  6.4695e-03	  9.1313e-04	  1.3500e-05	  0.0000e+00	  0.0000e+00	  8.4768e-04	  8.4768e-04	  9.6765e-04	  9.6765e-04	  0.0000e+00	  0.0000e+00	     -7.6522	     -0.1019	      0.0000	      0.0000	
          24	     3.94656	     8.63298	  1.1999e-02	  2.7155e-02	  9.0318e-03	  6.1381e-03	  9.1314e-04	  1.3501e-05	  0.0000e+00	  0.0000e+00	  8.4932e-04	  8.4932e-04	  1.2991e-03	  1.2991e-03	  0.0000e+00	  0.0000e+00	     -7.6177	     -0.0819	      0.0000	      0.0000	
          25	     3.95581	     8.60686	  1.2499e-02	  2.7155e-02	  9.0303e-03	  5.8068e-03	  9.1315e-04	  1.3501e-05	  0.0000e+00	  0.0000e+00	  8.5097e-04	  8.5097e-04	  1.6306e-03	  1.6306e-03	  0.0000e+00	  0.0000e+00	     -7.5831	     -0.0627	      0.0000	      0.0000	
          26	     3.96554	     8.57933	  1.2999e-02	  2.7156e-02	  9.0287e-03	  5.4755e-03	  9.1316e-04	  1.3502e-05	  0.0000e+00	  0.0000e+00	  8.5265e-04	  8.5265e-04	  1.9619e-03	  1.9619e-03	  0.0000e+00	  0.0000e+00	     -7.5483	     -0.0441	      0.0000	      0.0000	
          27	     3.97578	     8.55023	  1.3499e-02	  2.7156e-02	  9.0270e-03	  5.1443e-03	  9.1317e-04	  1.3503e-05	  0.0000e+00	  0.0000e+00	  8.5435e-04	  8.5435e-04	  2.2932e-03	  2.2932e-03	  0.0000e+00	  0.0000e+00	     -7.5130	     -0.0263	      0.0000	     -0.0000	
          28	     3.98662	     8.51934	  1.3999e-02	  2.7156e-02	  9.0254e-03	  4.8131e-03	  9.1317e-04	  1.3504e-05	  0.0000e+00	  0.0000e+00	  8.5607e-04	  8.5607e-04	  2.6244e-03	  2.6244e-03	  0.0000e+00	  0.0000e+00	     -7.4772	     -0.0090	      0.0000	      0.0000	
          29	     3.99713	     8.48801	  1.4284e-02	  2.6941e-02	  9.0239e-03	  4.4821e-03	  9.1319e-04	  1.3507e-05	  2.1569e-04	  2.1569e-04	  8.5776e-04	  8.5776e-04	  2.9556e-03	  2.9556e-03	  0.0000e+00	  0.0000e+00	     -7.4476	      0.0000	      0.0000	      0.0000	
          30	     4.00728	     8.45616	  1.4321e-02	  2.6478e-02	  9.0224e-03	  4.1512e-03	  9.1321e-04	  1.3510e-05	  6.7905e-04	  6.7905e-04	  8.5941e-04	  8.5941e-04	  3.2865e-03	  3.2865e-03	  0.0000e+00	  0.0000e+00	     -7.4248	      0.0000	      0.0000	      0.0000	
          31	     4.01834	     8.42156	  1.4358e-02	  2.6016e-02	  9.0210e-03	  3.8205e-03	  9.1324e-04	  1.3514e-05	  1.1418e-03	  1.1418e-03	  8.6111e-04	  8.6111e-04	  3.6174e-03	  3.6174e-03	  0.0000e+00	  0.0000e+00	     -7.4002	      0.0000	      0.0000	      0.0000	
          32	     4.03048	     8.38371	  1.4396e-02	  2.5555e-02	  9.0194e-03	  3.4898e-03	  9.1326e-04	  1.3518e-05	  1.6040e-03	  1.6040e-03	  8.6287e-04	  8.6287e-04	  3.9482e-03	  3.9482e-03	  0.0000e+00	  0.0000e+00	     -7.3733	      0.0000	      0.0000	      0.0000	
          33	     4.04392	     8.34196	  1.4435e-02	  2.5094e-02	  9.0179e-03	  3.1592e-03	  9.1328e-04	  1.3522e-05	  2.0655e-03	  2.0655e-03	  8.6469e-04	  8.6469e-04	  4.2788e-03	  4.2788e-03	  0.0000e+00	  0.0000e+00	     -7.3438	      0.0000	      0.0000	      0.0000	
          34	     4.05894	     8.29545	  1.4475e-02	  2.4634e-02	  9.0162e-03	  2.8288e-03	  9.1331e-04	  1.3527e-05	  2.5264e-03	  2.5264e-03	  8.6657e-04	  8.6657e-04	  4.6093e-03	  4.6093e-03	  0.0000e+00	  0.0000e+00	     -7.3112	      0.0000	      0.0000	      0.0000	
          35	     4.07594	     8.24299	  1.4515e-02	  2.4174e-02	  9.0145e-03	  2.4986e-03	  9.1333e-04	  1.3532e-05	  2.9866e-03	  2.9866e-03	  8.6855e-04	  8.6855e-04	  4.9396e-03	  4.9396e-03	  0.0000e+00	  0.0000e+00	     -7.2745	      0.0000	      0.0000	     -0.0000	
          36	     4.09548	      8.1829	  1.4556e-02	  2.3715e-02	  9.0126e-03	  2.1685e-03	  9.1335e-04	  1.3539e-05	  3.4462e-03	  3.4462e-03	  8.7063e-04	  8.7063e-04	  5.2696e-03	  5.2696e-03	  0.0000e+00	  0.0000e+00	     -7.2327	      0.0000	      0.0000	      0.0000	
          37	     4.11839	     8.11267	  1.4597e-02	  2.3257e-02	  9.0106e-03	  1.8387e-03	  9.1338e-04	  1.3546e-05	  3.9051e-03	  3.9051e-03	  8.7283e-04	  8.7283e-04	  5.5994e-03	  5.5994e-03	  0.0000e+00	  0.0000e+00	     -7.1842	      0.0000	      0.0000	      0.0000	
          38	     4.14602	     8.02829	  1.4639e-02	  2.2799e-02	  9.0085e-03	  1.5093e-03	  9.1340e-04	  1.3556e-05	  4.3632e-03	  4.3632e-03	  8.7520e-04	  8.7520e-04	  5.9288e-03	  5.9288e-03	  0.0000e+00	  0.0000e+00	     -7.1262	      0.0000	      0.0000	     -0.0000	
          39	     4.18067	     7.92281	  1.4682e-02	  2.2342e-02	  9.0061e-03	  1.1804e-03	  9.1342e-04	  1.3568e-05	  4.8207e-03	  4.8207e-03	  8.7780e-04	  8.7780e-04	  6.2577e-03	  6.2577e-03	  0.0000e+00	  0.0000e+00	     -7.0541	      0.0000	     -0.0000	     -0.0000	
          40	     4.22694	     7.78246	  1.4726e-02	  2.1886e-02	  9.0034e-03	  8.5226e-04	  9.1344e-04	  1.3586e-05	  5.2774e-03	  5.2774e-03	  8.8072e-04	  8.8072e-04	  6.5858e-03	  6.5858e-03	  0.0000e+00	  0.0000e+00	     -6.9587	      0.0000	      0.0000	      0.0000	
          41	     4.29619	     7.57315	  1.4770e-02	  2.1430e-02	  9.0002e-03	  5.2553e-04	  9.1347e-04	  1.3615e-05	  5.7334e-03	  5.7334e-03	  8.8420e-04	  8.8420e-04	  6.9125e-03	  6.9125e-03	  0.0000e+00	  0.0000e+00	     -6.8174	      0.0000	      0.0000	     -0.0000	
          42	     4.43425	     7.15742	  1.4815e-02	  2.0975e-02	  8.9956e-03	  2.0225e-04	  9.1349e-04	  1.3689e-05	  6.1888e-03	  6.1888e-03	  8.8896e-04	  8.8896e-04	  7.2357e-03	  7.2357e-03	  0.0000e+00	  0.0000e+00	     -6.5384	      0.0000	      0.0000	      0.0000	
          43	     7.40946	    -1.76546	  1.4899e-02	  2.0559e-02	  8.9864e-03	  9.0197e-08	  9.1351e-04	  2.8252e-04	  6.6054e-03	  6.6054e-03	  8.9834e-04	  8.9834e-04	  7.4378e-03	  7.4378e-03	  0.0000e+00	  0.0000e+00	     -0.5839	      0.0000	      0.0000	     -0.0000	
          44	     7.70023	    -2.63313	  1.4959e-02	  2.0436e-02	  8.9865e-03	  1.7408e-07	  9.1352e-04	  5.7131e-04	  6.7285e-03	  6.7285e-03	  8.9834e-04	  8.9834e-04	  7.4377e-03	  7.4377e-03	  3.1673e-04	  3.1673e-04	      0.0000	      0.0000	      0.0000	      0.0000	
          45	     7.70023	    -2.63313	  1.4959e-02	  2.0436e-02	  8.9865e-03	  1.7408e-07	  9.1352e-04	  5.7131e-04	  6.7285e-03	  6.7285e-03	  8.9834e-04	  8.9834e-04	  7.4377e-03	  7.4377e-03	  8.1673e-04	  8.1673e-04	      0.0000	      0.0000	      0.0000	      0.0000	
          46	     7.70023	    -2.63313	  1.4959e-02	  2.0436e-02	  8.9865e-03	  1.7408e-07	  9.1352e-04	  5.7131e-04	  6.7285e-03	  6.7285e-03	  8.9834e-04	  8.9834e-04	  7.4377e-03	  7.4377e-03	  1.3167e-03	  1.3167e-03	      0.0000	      0.0000	     -0.0000	     -0.0000	
          47	     7.70023	    -2.63313	  1.4959e-02	  2.0436e-02	  8.9865e-03	  1.7408e-07	  9.1352e-04	  5.7131e-04	  6.7285e-03	  6.7285e-03	  8.9834e-04	  8.9834e-04	  7.4377e-03	  7.4377e-03	  1.8167e-03	  1.8167e-03	      0.0000	      0.0000	      0.0000	      0.0000	
          48	     7.70023	    -2.63313	  1.4959e-02	  2.0436e-02	  8.9865e-03	  1.7408e-07	  9.1352e-04	  5.7131e-04	  6.7285e-03	  6.7285e-03	  8.9834e-04	  8.9834e-04	  7.4377e-03	  7.4377e-03	  2.3167e-03	  2.3167e-03	      0.0000	      0.0000	      0.0000	     -0.0000	
          49	     7.70023	    -2.63313	  1.4959e-02	  2.0436e-02	  8.9865e-03	  1.7408e-07	  9.1352e-04	  5.7131e-04	  6.7285e-03	  6.7285e-03	  8.9834e-04	  8.9834e-04	  7.4377e-03	  7.4377e-03	  2.8167e-03	  2.8167e-03	      0.0000	      0.0000	      0.0000	     -0.0000	
          50	     7.70023	    -2.63313	  1.4959e-02	  2.0436e-02	  8.9865e-03	  1.7408e-07	  9.1352e-04	  5.7131e-04	  6.7285e-03	  6.7285e-03	  8.9834e-04	  8.9834e-04	  7.4377e-03	  7.4377e-03	  3.3167e-03	  3.3167e-03	      0.0000	      0.0000	      0.0000	      0.0000	
          51	     7.70023	    -2.63313	  1.4959e-02	  2.0436e-02	  8.9865e-03	  1.7408e-07	  9.1352e-04	  5.7131e-04	  6.7285e-03	  6.7285e-03	  8.9834e-04	  8.9834e-04	  7.4377e-03	  7.4377e-03	  3.8167e-03	  3.8167e-03	      0.0000	      0.0000	     -0.0000	     -0.0000	
          52	     7.70023	    -2.63313	  1.4959e-02	  2.0436e-02	  8.9865e-03	  1.7408e-07	  9.1352e-04	  5.7131e-04	  6.7285e-03	  6.7285e-03	  8.9834e-04	  8.9834e-04	  7.4377e-03	  7.4377e-03	  4.3167e-03	  4.3167e-03	     -0.0000	      0.0000	      0.0000	     -0.0000	
          53	     7.70023	    -2.63313	  1.4959e-02	  2.0436e-02	  8.9865e-03	  1.7408e-07	  9.1352e-04	  5.7131e-04	  6.7285e-03	  6.7285e-03	  8.9834e-04	  8.9834e-04	  7.4377e-03	  7.4377e-03	  4.8167e-03	  4.8167e-03	      0.0000	      0.0000	      0.0000	      0.0000	
          54	     7.70023	    -2.63313	  1.4959e-02	  2.0436e-02	  8.9865e-03	  1.7408e-07	  9.1352e-04	  5.7131e-04	  6.7285e-03	  6.7285e-03	  8.9834e-04	  8.9834e-04	  7.4377e-03	  7.4377e-03	  5.3167e-03	  5.3167e-03	      0.0000	      0.0000	      0.0000	      0.0000	
          55	     7.70023	    -2.63313	  1.4959e-02	  2.0436e-02	  8.9865e-03	  1.7408e-07	  9.1352e-04	  5.7131e-04	  6.7285e-03	  6.7285e-03	  8.9834e-04	  8.9834e-04	  7.4377e-03	  7.4377e-03	  5.8167e-03	  5.8167e-03	      0.0000	      0.0000	      0.0000	      0.0000	
          56	     7.70023	    -2.63313	  1.4959e-02	  2.0436e-02	  8.9865e-03	  1.7408e-07	  9.1352e-04	  5.7131e-04	  6.7285e-03	  6.7285e-03	  8.9834e-04	  8.9834e-04	  7.4377e-03	  7.4377e-03	  6.3167e-03	  6.3167e-03	      0.0000	      0.0000	      0.0000	      0.0000	
          57	     7.70023	    -2.63313	  1.4959e-02	  2.0436e-02	  8.9865e-03	  1.7408e-07	  9.1352e-04	  5.7131e-04	  6.7285e-03	  6.7285e-03	  8.9834e-04	  8.9834e-04	  7.4377e-03	  7.4377e-03	  6.8167e-03	  6.8167e-03	      0.0000	      0.0000	     -0.0000	      0.0000	
          58	     7.70023	    -2.63313	  1.4959e-02	  2.0436e-02	  8.9865e-03	  1.7408e-07	  9.1352e-04	  5.7131e-04	  6.7285e-03	  6.7285e-03	  8.9834e-04	  8.9834e-04	  7.4377e-03	  7.4377e-03	  7.3167e-03	  7.3167e-03	      0.0000	      0.0000	     -0.0000	      0.0000	
          59	     7.70023	    -2.63313	  1.4959e-02	  2.0436e-02	  8.9865e-03	  1.7408e-07	  9.1352e-04	  5.7131e-04	  6.7285e-03	  6.7285e-03	  8.9834e-04	  8.9834e-04	  7.4377e-03	  7.4377e-03	  7.8167e-03	  7.8167e-03	      0.0000	      0.0000	      0.0000	      0.0000	
          60	     7.70023	    -2.63313	  1.4959e-02	  2.0436e-02	  8.9865e-03	  1.7408e-07	  9.1352e-04	  5.7131e-04	  6.7285e-03	  6.7285e-03	  8.9834e-04	  8.9834e-04	  7.4377e-03	  7.4377e-03	  8.3167e-03	  8.3167e-03	      0.0000	      0.0000	      0.0000	      0.0000	
          61	     7.70023	    -2.63313	  1.4959e-02	  2.0436e-02	  8.9865e-03	  1.7408e-07	  9.1352e-04	  5.7131e-04	  6.7285e-03	  6.7285e-03	  8.9834e-04	  8.9834e-04	  7.4377e-03	  7.4377e-03	  8.8167e-03	  8.8167e-03	      0.0000	      0.0000	      0.0000	     -0.0000	
          62	     7.70023	    -2.63313	  1.4959e-02	  2.0436e-02	  8.9865e-03	  1.7408e-07	  9.1352e-04	  5.7131e-04	  6.7285e-03	  6.7285e-03	  8.9834e-04	  8.9834e-04	  7.4377e-03	  7.4377e-03	  9.3167e-03	  9.3167e-03	      0.0000	      0.0000	      0.0000	      0.0000	
          63	     7.70023	    -2.63313	  1.4959e-02	  2.0436e-02	  8.9865e-03	  1.7408e-07	  9.1352e-04	  5.7131e-04	  6.7285e-03	  6.7285e-03	  8.9834e-04	  8.9834e-04	  7.4377e-03	  7.4377e-03	  9.8167e-03	  9.8167e-03	      0.0000	      0.0000	      0.0000	      0.0000	
          64	     7.70023	    -2.63313	  1.4959e-02	  2.0436e-02	  8.9865e-03	  1.7408e-07	  9.1352e-04	  5.7131e-04	  6.7285e-03	  6.7285e-03	  8.9834e-04	  8.9834e-04	  7.4377e-03	  7.4377e-03	  1.0317e-02	  1.0317e-02	      0.0000	      0.0000	     -0.0000	      0.0000	
          65	     7.70023	    -2.63313	  1.4959e-02	  2.0436e-02	  8.9865e-03	  1.7408e-07	  9.1352e-04	  5.7131e-04	  6.7285e-03	  6.7285e-03	  8.9834e-04	  8.9834e-04	  7.4377e-03	  7.4377e-03	  1.0817e-02	  1.0817e-02	      0.0000	      0.0000	      0.0000	      0.0000	
          66	     7.70023	    -2.63313	  1.4959e-02	  2.0436e-02	  8.9865e-03	  1.7408e-07	  9.1352e-04	  5.7131e-04	  6.7285e-03	  6.7285e-03	  8.9834e-04	  8.9834e-04	  7.4377e-03	  7.4377e-03	  1.1317e-02	  1.1317e-02	      0.0000	      0.0000	      0.0000	      0.0000	
          67	     7.70023	    -2.63313	  1.4959e-02	  2.0436e-02	  8.9865e-03	  1.7408e-07	  9.1352e-04	  5.7131e-04	  6.7285e-03	  6.7285e-03	  8.9834e-04	  8.9834e-04	  7.4377e-03	  7.4377e-03	  1.1817e-02	  1.1817e-02	      0.0000	      0.0000	      0.0000	      0.0000	
          68	     7.70023	    -2.63313	  1.4959e-02	  2.0436e-02	  8.9865e-03	  1.7408e-07	  9.1352e-04	  5.7131e-04	  6.7285e-03	  6.7285e-03	  8.9834e-04	  8.9834e-04	  7.4377e-03	  7.4377e-03	  1.2317e-02	  1.2317e-02	      0.0000	      0.0000	      0.0000	      0.0000	
          69	     7.70023	    -2.63313	  1.4959e-02	  2.0436e-02	  8.9865e-03	  1.7408e-07	  9.1352e-04	  5.7131e-04	  6.7285e-03	  6.7285e-03	  8.9834e-04	  8.9834e-04	  7.4377e-03	  7.4377e-03	  1.2817e-02	  1.2817e-02	      0.0000	      0.0000	     -0.0000	     -0.0000	
          70	     7.70023	    -2.63313	  1.4959e-02	  2.0436e-02	  8.9865e-03	  1.7408e-07	  9.1352e-04	  5.7131e-04	  6.7285e-03	  6.7285e-03	  8.9834e-04	  8.9834e-04	  7.4377e-03	  7.4377e-03	  1.3317e-02	  1.3317e-02	      0.0000	      0.0000	      0.0000	      0.0000	
          71	     7.70023	    -2.63313	  1.4959e-02	  2.0436e-02	  8.9865e-03	  1.7408e-07	  9.1352e-04	  5.7131e-04	  6.7285e-03	  6.7285e-03	  8.9834e-04	  8.9834e-04	  7.4377e-03	  7.4377e-03	  1.3817e-02	  1.3817e-02	      0.0000	      0.0000	     -0.0000	      0.0000	
          72	     7.70023	    -2.63313	  1.4959e-02	  2.0436e-02	  8.9865e-03	  1.7408e-07	  9.1352e-04	  5.7131e-04	  6.7285e-03	  6.7285e-03	  8.9834e-04	  8.9834e-04	  7.4377e-03	  7.4377e-03	  1.4317e-02	  1.4317e-02	      0.0000	      0.0000	      0.0000	      0.0000	
          73	     7.70023	    -2.63313	  1.4959e-02	  2.0436e-02	  8.9865e-03	  1.7408e-07	  9.1352e-04	  5.7131e-04	  6.7285e-03	  6.7285e-03	  8.9834e-04	  8.9834e-04	  7.4377e-03	  7.4377e-03	  1.4817e-02	  1.4817e-02	      0.0000	      0.0000	     -0.0000	     -0.0000	
          74	     7.70023	    -2.63313	  1.4959e-02	  2.0436e-02	  8.9865e-03	  1.7408e-07	  9.1352e-04	  5.7131e-04	  6.7285e-03	  6.7285e-03	  8.9834e-04	  8.9834e-04	  7.4377e-03	  7.4377e-03	  1.5317e-02	  1.5317e-02	      0.0000	      0.0000	      0.0000	      0.0000	
          75	     7.70023	    -2.63313	  1.4959e-02	  2.0436e-02	  8.9865e-03	  1.7408e-07	  9.1352e-04	  5.7131e-04	  6.7285e-03	  6.7285e-03	  8.9834e-04	  8.9834e-04	  7.4377e-03	  7.4377e-03	  1.5817e-02	  1.5817e-02	      0.0000	      0.0000	     -0.0000	     -0.0000	
          76	     7.70023	    -2.63313	  1.4959e-02	  2.0436e-02	  8.9865e-03	  1.7408e-07	  9.1352e-04	  5.7131e-04	  6.7285e-03	  6.7285e-03	  8.9834e-04	  8.9834e-04	  7.4377e-03	  7.4377e-03	  1.6317e-02	  1.6317e-02	      0.0000	      0.0000	      0.0000	     -0.0000	
          77	     7.70023	    -2.63313	  1.4959e-02	  2.0436e-02	  8.9865e-03	  1.7408e-07	  9.1352e-04	  5.7131e-04	  6.7285e-03	  6.7285e-03	  8.9834e-04	  8.9834e-04	  7.4377e-03	  7.4377e-03	  1.6817e-02	  1.6817e-02	      0.0000	      0.0000	      0.0000	      0.0000	
          78	     7.70023	    -2.63313	  1.4959e-02	  2.0436e-02	  8.9865e-03	  1.7408e-07	  9.1352e-04	  5.7131e-04	  6.7285e-03	  6.7285e-03	  8.9834e-04	  8.9834e-04	  7.4377e-03	  7.4377e-03	  1.7317e-02	  1.7317e-02	      0.0000	      0.0000	     -0.0000	      0.0000	
          79	     7.70023	    -2.63313	  1.4959e-02	  2.0436e-02	  8.9865e-03	  1.7408e-07	  9.1352e-04	  5.7131e-04	  6.7285e-03	  6.7285e-03	  8.9834e-04	  8.9834e-04	  7.4377e-03	  7.4377e-03	  1.7817e-02	  1.7817e-02	      0.0000	      0.0000	      0.0000	      0.0000	
          80	     7.70023	    -2.63313	  1.4959e-02	  2.0436e-02	  8.9865e-03	  1.7408e-07	  9.1352e-04	  5.7131e-04	  6.7285e-03	  6.7285e-03	  8.9834e-04	  8.9834e-04	  7.4377e-03	  7.4377e-03	  1.8317e-02	  1.8317e-02	      0.0000	      0.0000	      0.0000	      0.0000	
          81	     7.70023	    -2.63313	  1.4959e-02	  2.0436e-02	  8.9865e-03	  1.7408e-07	  9.1352e-04	  5.7131e-04	  6.7285e-03	  6.7285e-03	  8.9834e-04	  8.9834e-04	  7.4377e-03	  7.4377e-03	  1.8817e-02	  1.8817e-02	      0.0000	      0.0000	     -0.0000	     -0.0000	
          82	     7.70023	    -2.63313	  1.4959e-02	  2.0436e-02	  8.9865e-03	  1.7408e-07	  9.1352e-04	  5.7131e-04	  6.7285e-03	  6.7285e-03	  8.9834e-04	  8.9834e-04	  7.4377e-03	  7.4377e-03	  1.9317e-02	  1.9317e-02	      0.0000	      0.0000	      0.0000	      0.0000	
          83	     7.70023	    -2.63313	  1.4959e-02	  2.0436e-02	  8.9865e-03	  1.7408e-07	  9.1352e-04	  5.7131e-04	  6.7285e-03	  6.7285e-03	  8.9834e-04	  8.9834e-04	  7.4377e-03	  7.4377e-03	  1.9817e-02	  1.9817e-02	      0.0000	      0.0000	      0.0000	      0.0000	
          84	     7.70023	    -2.63313	  1.4959e-02	  2.0436e-02	  8.9865e-03	  1.7408e-07	  9.1352e-04	  5.7131e-04	  6.7285e-03	  6.7285e-03	  8.9834e-04	  8.9834e-04	  7.4377e-03	  7.4377e-03	  2.0317e-02	  2.0317e-02	      0.0000	      0.0000	      0.0000	      0.0000	
          85	     7.70023	    -2.63313	  1.4959e-02	  2.0436e-02	  8.9865e-03	  1.7408e-07	  9.1352e-04	  5.7131e-04	  6.7285e-03	  6.7285e-03	  8.9834e-04	  8.9834e-04	  7.4377e-03	  7.4377e-03	  2.0817e-02	  2.0817e-02	      0.0000	      0.0000	      0.0000	      0.0000	
          86	     7.70023	    -2.63313	  1.4959e-02	  2.0436e-02	  8.9865e-03	  1.7408e-07	  9.1352e-04	  5.7131e-04	  6.7285e-03	  6.7285e-03	  8.9834e-04	  8.9834e-04	  7.4377e-03	  7.4377e-03	  2.1317e-02	  2.1317e-02	      0.0000	      0.0000	     -0.0000	      0.0000	
          87	     7.70023	    -2.63313	  1.4959e-02	  2.0436e-02	  8.9865e-03	  1.7408e-07	  9.1352e-04	  5.7131e-04	  6.7285e-03	  6.7285e-03	  8.9834e-04	  8.9834e-04	  7.4377e-03	  7.4377e-03	  2.1817e-02	  2.1817e-02	      0.0000	      0.0000	      0.0000	      0.0000	
          88	     7.70023	    -2.63313	  1.4959e-02	  2.0436e-02	  8.9865e-03	  1.7408e-07	  9.1352e-04	  5.7131e-04	  6.7285e-03	  6.7285e-03	  8.9834e-04	  8.9834e-04	  7.4377e-03	  7.4377e-03	  2.2317e-02	  2.2317e-02	      0.0000	      0.0000	      0.0000	      0.0000	
          89	     7.70023	    -2.63313	  1.4959e-02	  2.0436e-02	  8.9865e-03	  1.7408e-07	  9.1352e-04	  5.7131e-04	  6.7285e-03	  6.7285e-03	  8.9834e-04	  8.9834e-04	  7.4377e-03	  7.4377e-03	  2.2817e-02	  2.2817e-02	      0.0000	      0.0000	      0.0000	      0.0000	
          90	     7.70023	    -2.63313	  1.4959e-02	  2.0436e-02	  8.9865e-03	  1.7408e-07	  9.1352e-04	  5.7131e-04	  6.7285e-03	  6.7285e-03	  8.9834e-04	  8.9834e-04	  7.4377e-03	  7.4377e-03	  2.3317e-02	  2.3317e-02	      0.0000	      0.0000	      0.0000	      0.0000	
          91	     7.70023	    -2.63313	  1.4959e-02	  2.0436e-02	  8.9865e-03	  1.7408e-07	  9.1352e-04	  5.7131e-04	  6.7285e-03	  6.7285e-03	  8.9834e-04	  8.9834e-04	  7.4377e-03	  7.4377e-03	  2.3817e-02	  2.3817e-02	      0.0000	      0.0000	     -0.0000	      0.0000	
          92	     7.70023	    -2.63313	  1.4959e-02	  2.0436e-02	  8.9865e-03	  1.7408e-07	  9.1352e-04	  5.7131e-04	  6.7285e-03	  6.7285e-03	  8.9834e-04	  8.9834e-04	  7.4377e-03	  7.4377e-03	  2.4317e-02	  2.4317e-02	      0.0000	      0.0000	     -0.0000	     -0.0000	
          93	     7.70023	    -2.63313	  1.4959e-02	  2.0436e-02	  8.9865e-03	  1.7408e-07	  9.1352e-04	  5.7131e-04	  6.7285e-03	  6.7285e-03	  8.9834e-04	  8.9834e-04	  7.4377e-03	  7.4377e-03	  2.4817e-02	  2.4817e-02	      0.0000	      0.0000	      0.0000	      0.0000	
          94	     7.70023	    -2.63313	  1.4959e-02	  2.0436e-02	  8.9865e-03	  1.7408e-07	  9.1352e-04	  5.7131e-04	  6.7285e-03	  6.7285e-03	  8.9834e-04	  8.9834e-04	  7.4377e-03	  7.4377e-03	  2.5317e-02	  2.5317e-02	      0.0000	      0.0000	      0.0000	      0.0000	
          95	     7.70023	    -2.63313	  1.4959e-02	  2.0436e-02	  8.9865e-03	  1.7408e-07	  9.1352e-04	  5.7131e-04	  6.7285e-03	  6.7285e-03	  8.9834e-04	  8.9834e-04	  7.4377e-03	  7.4377e-03	  2.5817e-02	  2.5817e-02	      0.0000	      0.0000	      0.0000	      0.0000	
          96	     7.70023	    -2.63313	  1.4959e-02	  2.0436e-02	  8.9865e-03	  1.7408e-07	  9.1352e-04	  5.7131e-04	  6.7285e-03	  6.7285e-03	  8.9834e-04	  8.9834e-04	  7.4377e-03	  7.4377e-03	  2.6317e-02	  2.6317e-02	      0.0000	      0.0000	      0.0000	      0.0000	
          97	     7.70023	    -2.63313	  1.4959e-02	  2.0436e-02	  8.9865e-03	  1.7408e-07	  9.1352e-04	  5.7131e-04	  6.7285e-03	  6.7285e-03	  8.9834e-04	  8.9834e-04	  7.4377e-03	  7.4377e-03	  2.6817e-02	  2.6817e-02	      0.0000	      0.0000	      0.0000	      0.0000	
          98	     7.70023	    -2.63313	  1.4959e-02	  2.0436e-02	  8.9865e-03	  1.7408e-07	  9.1352e-04	  5.7131e-04	  6.7285e-03	  6.7285e-03	  8.9834e-04	  8.9834e-04	  7.4377e-03	  7.4377e-03	  2.7317e-02	  2.7317e-02	      0.0000	      0.0000	      0.0000	      0.0000	
          99	     7.70023	    -2.63313	  1.4959e-02	  2.0436e-02	  8.9865e-03	  1.7408e-07	  9.1352e-04	  5.7131e-04	  6.7285e-03	  6.7285e-03	  8.9834e-04	  8.9834e-04	  7.4377e-03	  7.4377e-03	  2.7817e-02	  2.7817e-02	      0.0000	      0.0000	      0.0000	      0.0000	
         100	     7.70023	    -2.63313	  1.4959e-02	  2.0436e-02	  8.9865e-03	  1.7408e-07	  9.1352e-04	  5.7131e-04	  6.7285e-03	  6.7285e-03	  8.9834e-04	  8.9834e-04	  7.4377e-03	  7.4377e-03	  2.8317e-02	  2.8317e-02	      0.0000	      0.0000	      0.0000	      0.0000	
