         sim	       state	        soln	      dist_x	        time	        step	          pH	          pe	    reaction	        temp	         Alk	          mu	    mass_H2O	      charge	     pct_err	          Fe	           S	           K	      Pyrite	    d_Pyrite	  Fe(OH)3(a)	d_Fe(OH)3(a)	    Goethite	  d_Goethite	  Jarosite-K	d_Jarosite-K	       O2(g)	     d_O2(g)	   si_Pyrite	si_Fe(OH)3(a)	 si_Goethite	si_Jarosite-K	
           1	      i_soln	           1	         -99	         -99	         -99	           7	           4	         -99	      25.000	 1.26002e-09	 0.000150102	           1	 9.99987e-05	     33.3103	  0.0000e+00	  0.0000e+00	  1.0000e-04	  0.0000e+00	  0.0000e+00	  0.0000e+00	  0.0000e+00	  0.0000e+00	  0.0000e+00	  0.0000e+00	  0.0000e+00	  0.0000e+00	  0.0000e+00	   -999.9990	   -999.9990	   -999.9990	   -999.9990	
           1	       react	           1	         -99	        3600	           1	     3.06614	     17.5608	         -99	      25.000	 -0.00103239	  0.00163433	    0.999986	 9.99987e-05	      4.5171	  8.8360e-05	  5.1775e-04	  1.4745e-05	  0.0000e+00	  0.0000e+00	  0.0000e+00	  0.0000e+00	  0.0000e+00	  0.0000e+00	  8.5255e-05	  8.5255e-05	  9.9984e+00	 -1.5580e-03	   -225.8062	     -1.0013	      4.8897	      0.0000	
           1	       react	           1	         -99	        7200	           2	     2.86639	     17.7605	         -99	      25.000	 -0.00221581	  0.00339721	    0.999979	 9.99987e-05	     2.31094	  4.4015e-04	  1.2782e-03	  5.1821e-07	  0.0000e+00	  0.0000e+00	  0.0000e+00	  0.0000e+00	  0.0000e+00	  0.0000e+00	  9.9482e-05	  9.9482e-05	  9.9970e+00	 -3.0371e-03	   -224.3406	     -0.9020	      4.9890	      0.0000	
           1	       react	           1	         -99	       21600	           3	     2.58028	     18.0466	         -99	      25.000	 -0.00724584	  0.00890154	    0.999961	 9.99987e-05	      0.8911	  2.1158e-03	  4.6309e-03	  1.7862e-07	  0.0000e+00	  0.0000e+00	  0.0000e+00	  0.0000e+00	  0.0000e+00	  0.0000e+00	  9.9821e-05	  9.9821e-05	  9.9907e+00	 -9.3240e-03	   -222.8481	     -1.2632	      4.6279	     -0.0000	
           1	       react	           1	         -99	       86400	           4	     2.15235	     18.4746	         -99	      25.000	  -0.0319581	   0.0291428	    0.999888	 9.99985e-05	    0.258608	  1.0357e-02	  2.1108e-02	  1.3143e-06	  0.0000e+00	  0.0000e+00	  0.0000e+00	  0.0000e+00	  0.0000e+00	  0.0000e+00	  9.8686e-05	  9.8686e-05	  9.9598e+00	 -4.0209e-02	   -221.3287	     -2.2205	      3.6707	      0.0000	
           1	       react	           1	         -99	      172800	           5	     1.92857	     18.6985	         -99	      25.000	  -0.0668971	   0.0541493	    0.999784	 9.99987e-05	    0.135654	  2.2017e-02	  4.4410e-02	  5.8929e-06	  0.0000e+00	  0.0000e+00	  0.0000e+00	  0.0000e+00	  0.0000e+00	  0.0000e+00	  9.4108e-05	  9.4108e-05	  9.9161e+00	 -8.3868e-02	   -220.6450	     -2.7607	      3.1307	      0.0000	
           1	       react	           1	         -99	      259200	           6	     1.80149	     18.8257	         -99	      25.000	   -0.102654	   0.0783281	    0.999677	 9.99988e-05	    0.092722	  3.3961e-02	  6.8265e-02	  1.4435e-05	  0.0000e+00	  0.0000e+00	  0.0000e+00	  0.0000e+00	  0.0000e+00	  0.0000e+00	  8.5570e-05	  8.5570e-05	  9.8715e+00	 -1.2854e-01	   -220.2701	     -3.0687	      2.8230	      0.0000	
           1	       react	           1	         -99	      432000	           7	     1.63974	     18.9877	         -99	      25.000	   -0.180637	     0.12926	    0.999447	 9.99987e-05	   0.0556981	  6.0051e-02	  1.2032e-01	  4.6310e-05	  0.0000e+00	  0.0000e+00	  0.0000e+00	  0.0000e+00	  0.0000e+00	  0.0000e+00	  5.3716e-05	  5.3716e-05	  9.7741e+00	 -2.2593e-01	   -219.7984	     -3.4613	      2.4307	      0.0000	
           1	       react	           1	         -99	      604800	           8	     1.55501	     19.0726	         -99	      25.000	   -0.245817	     0.17108	    0.999255	 9.99992e-05	   0.0420261	  8.1897e-02	  1.6385e-01	  8.6004e-05	  0.0000e+00	  0.0000e+00	  0.0000e+00	  0.0000e+00	  0.0000e+00	  0.0000e+00	  1.4060e-05	  1.4060e-05	  9.6927e+00	 -3.0730e-01	   -219.5510	     -3.6680	      2.2244	      0.0000	
           1	       react	           1	         -99	      864000	           9	     1.45895	     19.1689	         -99	      25.000	   -0.349583	    0.237076	    0.998946	 9.99987e-05	   0.0303559	  1.1653e-01	  2.3306e-01	  1.0011e-04	  0.0000e+00	  0.0000e+00	  0.0000e+00	  0.0000e+00	  0.0000e+00	  0.0000e+00	  0.0000e+00	  0.0000e+00	  9.5632e+00	 -4.3677e-01	   -219.2738	     -3.9053	      1.9876	     -0.2494	
           1	       react	           1	         -99	  1.2096e+06	          10	      1.3728	     19.2554	         -99	      25.000	   -0.480726	    0.319896	    0.998553	 9.99987e-05	   0.0225543	  1.6024e-01	  3.2048e-01	  1.0014e-04	  0.0000e+00	  0.0000e+00	  0.0000e+00	  0.0000e+00	  0.0000e+00	  0.0000e+00	  0.0000e+00	  0.0000e+00	  9.3997e+00	 -6.0029e-01	   -219.0256	     -4.1202	      1.7734	     -0.5372	
           1	       react	           1	         -99	   1.728e+06	          11	     1.28601	     19.3426	         -99	      25.000	    -0.66012	    0.432202	    0.998016	 9.99987e-05	   0.0167437	  2.2004e-01	  4.4008e-01	  1.0020e-04	  0.0000e+00	  0.0000e+00	  0.0000e+00	  0.0000e+00	  0.0000e+00	  0.0000e+00	  0.0000e+00	  0.0000e+00	  9.1762e+00	 -8.2376e-01	   -218.7769	     -4.3380	      1.5565	     -0.8308	
           1	       react	           1	         -99	  2.4192e+06	          12	     1.20834	     19.4208	         -99	      25.000	    -0.86641	    0.559735	      0.9974	 9.99987e-05	   0.0129527	  2.8880e-01	  5.7761e-01	  1.0026e-04	  0.0000e+00	  0.0000e+00	  0.0000e+00	  0.0000e+00	  0.0000e+00	  0.0000e+00	  0.0000e+00	  0.0000e+00	  8.9196e+00	 -1.0804e+00	   -218.5584	     -4.5334	      1.3621	     -1.0967	
           1	       react	           1	         -99	  3.2832e+06	          13	      1.1431	     19.4866	         -99	      25.000	    -1.07402	    0.686136	     0.99678	 9.99987e-05	   0.0105698	  3.5801e-01	  7.1601e-01	  1.0032e-04	  0.0000e+00	  0.0000e+00	  0.0000e+00	  0.0000e+00	  0.0000e+00	  0.0000e+00	  0.0000e+00	  0.0000e+00	  8.6616e+00	 -1.3384e+00	   -218.3796	     -4.6972	      1.1993	     -1.3225	
           1	       react	           1	         -99	    4.32e+06	          14	     1.09214	      19.538	         -99	      25.000	     -1.2573	    0.796014	    0.996234	 9.99987e-05	  0.00910401	  4.1910e-01	  8.3820e-01	  1.0038e-04	  0.0000e+00	  0.0000e+00	  0.0000e+00	  0.0000e+00	  0.0000e+00	  0.0000e+00	  0.0000e+00	  0.0000e+00	  8.4341e+00	 -1.5659e+00	   -218.2436	     -4.8247	      1.0727	     -1.5003	
           1	       react	           1	         -99	  5.5296e+06	          15	     1.05627	     19.5742	         -99	      25.000	    -1.39699	    0.878654	    0.995818	 9.99987e-05	  0.00823896	  4.6566e-01	  9.3132e-01	  1.0042e-04	  0.0000e+00	  0.0000e+00	  0.0000e+00	  0.0000e+00	  0.0000e+00	  0.0000e+00	  0.0000e+00	  0.0000e+00	  8.2609e+00	 -1.7391e+00	   -218.1498	     -4.9142	      0.9840	     -1.6261	
           1	       react	           1	         -99	   6.912e+06	          16	      1.0368	     19.5939	         -99	      25.000	    -1.47636	    0.925193	    0.995581	 9.99987e-05	  0.00781854	  4.9212e-01	  9.8424e-01	  1.0044e-04	  0.0000e+00	  0.0000e+00	  0.0000e+00	  0.0000e+00	  0.0000e+00	  0.0000e+00	  0.0000e+00	  0.0000e+00	  8.1625e+00	 -1.8375e+00	   -218.0997	     -4.9626	      0.9359	     -1.6947	
           1	       react	           1	         -99	  8.4672e+06	          17	     1.02993	     19.6008	         -99	      25.000	    -1.50499	      0.9419	    0.995496	 9.99987e-05	  0.00767755	  5.0166e-01	  1.0033e+00	  1.0045e-04	  0.0000e+00	  0.0000e+00	  0.0000e+00	  0.0000e+00	  0.0000e+00	  0.0000e+00	  0.0000e+00	  0.0000e+00	  8.1270e+00	 -1.8730e+00	   -218.0821	     -4.9797	      0.9189	     -1.7189	
           1	       react	           1	         -99	    8.64e+06	          18	     1.02974	      19.601	         -99	      25.000	    -1.50577	    0.942359	    0.995494	 9.99987e-05	  0.00767374	  5.0192e-01	  1.0038e+00	  1.0045e-04	  0.0000e+00	  0.0000e+00	  0.0000e+00	  0.0000e+00	  0.0000e+00	  0.0000e+00	  0.0000e+00	  0.0000e+00	  8.1260e+00	 -1.8740e+00	   -218.0816	     -4.9802	      0.9185	     -1.7196	
