         sim	       state	        soln	      dist_x	        time	        step	          pH	          pe	    reaction	        temp	         Alk	          mu	    mass_H2O	      charge	     pct_err	          Ca	          Mg	          Na	           K	          Cl	  si_Calcite	 si_Dolomite	   si_Gypsum	   si_Halite	
           1	      i_soln	           1	         -99	         -99	         -99	         7.2	           4	         -99	      25.000	  0.00399802	   0.0094873	           1	  0.00102398	     8.18878	  1.9968e-03	  9.8758e-04	  1.0009e-03	  7.6754e-05	  9.8763e-04	      0.0134	     -0.1668	     -1.8675	     -7.6657	
           1	      i_exch	           1	         -99	         -99	         -99	         7.2	           4	         -99	      25.000	  0.00399802	   0.0094873	           1	  0.00102398	     8.18878	  1.9968e-03	  9.8758e-04	  1.0009e-03	  7.6754e-05	  9.8763e-04	      0.0134	     -0.1668	     -1.8675	     -7.6657	
           1	       react	           1	         -99	           0	           1	     7.17901	     3.98145	  1.0000e-02	      25.000	  0.00399802	   0.0205878	           1	  0.00102398	      3.1608	  2.8179e-03	  1.3547e-03	  8.6129e-03	  8.7222e-05	  1.0988e-02	      0.0638	     -0.0730	     -1.8700	     -5.7184	
           1	       react	           1	         -99	           0	           2	     7.16447	      3.9789	  2.0000e-02	      25.000	  0.00399802	   0.0314964	           1	  0.00102398	     1.95731	  3.4969e-03	  1.6458e-03	  1.6665e-02	  9.4304e-05	  2.0988e-02	      0.0906	     -0.0251	     -1.8796	     -5.1733	
           1	       react	           1	         -99	           0	           3	     7.15295	      3.9826	  3.0000e-02	      25.000	  0.00399802	   0.0422932	           1	  0.00102398	     1.41729	  4.0945e-03	  1.8935e-03	  2.4968e-02	  9.9766e-05	  3.0988e-02	      0.1071	      0.0033	     -1.8915	     -4.8459	
           1	       react	           1	         -99	           0	           4	     7.14325	     3.98929	  4.0000e-02	      25.000	  0.00399802	   0.0530119	           1	  0.00102398	     1.11071	  4.6362e-03	  2.1115e-03	  3.3443e-02	  1.0426e-04	  4.0988e-02	      0.1182	      0.0213	     -1.9039	     -4.6117	
           1	       react	           1	         -99	           0	           5	     7.13478	     3.99757	  5.0000e-02	      25.000	  0.00399802	   0.0636712	           1	  0.00102398	     0.91313	  5.1356e-03	  2.3072e-03	  4.2049e-02	  1.0809e-04	  5.0988e-02	      0.1259	      0.0330	     -1.9164	     -4.4295	
           1	       react	           1	         -99	           0	           6	     7.12722	     4.00675	  6.0000e-02	      25.000	  0.00399802	   0.0742826	           1	  0.00102398	    0.775203	  5.6011e-03	  2.4852e-03	  5.0758e-02	  1.1146e-04	  6.0988e-02	      0.1315	      0.0406	     -1.9287	     -4.2804	
           1	       react	           1	         -99	           0	           7	     7.12035	     4.01643	  7.0000e-02	      25.000	  0.00399802	   0.0848541	           1	  0.00102398	     0.67346	  6.0384e-03	  2.6488e-03	  5.9553e-02	  1.1446e-04	  7.0988e-02	      0.1354	      0.0454	     -1.9407	     -4.1544	
           1	       react	           1	         -99	           0	           8	     7.11403	     4.02639	  8.0000e-02	      25.000	  0.00399802	   0.0953917	           1	  0.00102398	    0.595316	  6.4516e-03	  2.8002e-03	  6.8420e-02	  1.1717e-04	  8.0988e-02	      0.1383	      0.0482	     -1.9523	     -4.0451	
           1	       react	           1	         -99	           0	           9	     7.10816	      4.0365	  9.0000e-02	      25.000	  0.00399802	      0.1059	           1	  0.00102398	    0.533415	  6.8438e-03	  2.9412e-03	  7.7351e-02	  1.1966e-04	  9.0988e-02	      0.1403	      0.0495	     -1.9636	     -3.9488	
           1	       react	           1	         -99	           0	          10	     7.10267	     4.04666	  1.0000e-01	      25.000	  0.00399802	    0.116381	           1	  0.00102398	     0.48317	  7.2174e-03	  3.0731e-03	  8.6338e-02	  1.2195e-04	  1.0099e-01	      0.1416	      0.0496	     -1.9746	     -3.8626	
           1	       react	           1	         -99	           0	          11	      7.0975	     4.05681	  1.1000e-01	      25.000	  0.00399802	    0.126839	           1	  0.00102398	    0.441572	  7.5743e-03	  3.1969e-03	  9.5374e-02	  1.2408e-04	  1.1099e-01	      0.1424	      0.0488	     -1.9852	     -3.7847	
           1	       react	           1	         -99	           0	          12	      7.0926	     4.06691	  1.2000e-01	      25.000	  0.00399802	    0.137276	           1	  0.00102398	    0.406567	  7.9161e-03	  3.3136e-03	  1.0445e-01	  1.2608e-04	  1.2099e-01	      0.1428	      0.0474	     -1.9955	     -3.7135	
           1	       react	           1	         -99	           0	          13	     7.08795	     4.07694	  1.3000e-01	      25.000	  0.00399802	    0.147694	           1	  0.00102398	    0.376703	  8.2440e-03	  3.4238e-03	  1.1358e-01	  1.2795e-04	  1.3099e-01	      0.1429	      0.0454	     -2.0055	     -3.6480	
           1	       react	           1	         -99	           0	          14	      7.0835	     4.08687	  1.4000e-01	      25.000	  0.00399802	    0.158094	           1	  0.00102398	    0.350924	  8.5592e-03	  3.5282e-03	  1.2273e-01	  1.2972e-04	  1.4099e-01	      0.1427	      0.0429	     -2.0152	     -3.5874	
           1	       react	           1	         -99	           0	          15	     7.07925	     4.09671	  1.5000e-01	      25.000	  0.00399802	    0.168478	           1	  0.00102398	    0.328447	  8.8626e-03	  3.6272e-03	  1.3193e-01	  1.3139e-04	  1.5099e-01	      0.1422	      0.0401	     -2.0246	     -3.5310	
           1	       react	           1	         -99	           0	          16	     7.07516	     4.10644	  1.6000e-01	      25.000	  0.00399802	    0.178846	           1	  0.00102398	    0.308674	  9.1550e-03	  3.7214e-03	  1.4115e-01	  1.3299e-04	  1.6099e-01	      0.1416	      0.0371	     -2.0338	     -3.4782	
           1	       react	           1	         -99	           0	          17	     7.07122	     4.11605	  1.7000e-01	      25.000	  0.00399802	      0.1892	           1	  0.00102398	    0.291147	  9.4371e-03	  3.8112e-03	  1.5041e-01	  1.3451e-04	  1.7099e-01	      0.1408	      0.0337	     -2.0428	     -3.4285	
           1	       react	           1	         -99	           0	          18	     7.06743	     4.12555	  1.8000e-01	      25.000	  0.00399802	    0.199541	           1	  0.00102398	    0.275502	  9.7095e-03	  3.8968e-03	  1.5969e-01	  1.3596e-04	  1.8099e-01	      0.1398	      0.0302	     -2.0516	     -3.3817	
           1	       react	           1	         -99	           0	          19	     7.06376	     4.13493	  1.9000e-01	      25.000	  0.00399802	     0.20987	           1	  0.00102398	    0.261452	  9.9729e-03	  3.9785e-03	  1.6900e-01	  1.3735e-04	  1.9099e-01	      0.1388	      0.0266	     -2.0601	     -3.3374	
           1	       react	           1	         -99	           0	          20	      7.0602	      4.1442	  2.0000e-01	      25.000	  0.00399802	    0.220187	           1	  0.00102398	    0.248766	  1.0228e-02	  4.0568e-03	  1.7833e-01	  1.3868e-04	  2.0099e-01	      0.1376	      0.0228	     -2.0684	     -3.2954	
           1	       react	           1	         -99	           0	          21	     7.05675	     4.15335	  2.1000e-01	      25.000	  0.00399802	    0.230493	           1	  0.00102398	    0.237253	  1.0474e-02	  4.1316e-03	  1.8769e-01	  1.3997e-04	  2.1099e-01	      0.1363	      0.0189	     -2.0766	     -3.2554	
           1	       react	           1	         -99	           0	          22	      7.0534	     4.16238	  2.2000e-01	      25.000	  0.00399802	    0.240789	           1	  0.00102398	    0.226758	  1.0713e-02	  4.2034e-03	  1.9706e-01	  1.4120e-04	  2.2099e-01	      0.1350	      0.0149	     -2.0846	     -3.2172	
           1	       react	           1	         -99	           0	          23	     7.05014	      4.1713	  2.3000e-01	      25.000	  0.00399802	    0.251074	           1	  0.00102398	    0.217153	  1.0945e-02	  4.2723e-03	  2.0646e-01	  1.4240e-04	  2.3099e-01	      0.1336	      0.0109	     -2.0924	     -3.1807	
           1	       react	           1	         -99	           0	          24	     7.04696	     4.18011	  2.4000e-01	      25.000	  0.00399802	    0.261351	           1	  0.00102398	    0.208328	  1.1169e-02	  4.3384e-03	  2.1588e-01	  1.4355e-04	  2.4099e-01	      0.1322	      0.0068	     -2.1001	     -3.1457	
           1	       react	           1	         -99	           0	          25	     7.04386	     4.18881	  2.5000e-01	      25.000	  0.00399802	    0.271618	           1	  0.00102398	    0.200191	  1.1387e-02	  4.4019e-03	  2.2532e-01	  1.4467e-04	  2.5099e-01	      0.1307	      0.0026	     -2.1076	     -3.1122	
           1	       react	           1	         -99	           0	          26	     7.04084	     4.19741	  2.6000e-01	      25.000	  0.00399802	    0.281877	           1	  0.00102398	    0.192667	  1.1598e-02	  4.4631e-03	  2.3477e-01	  1.4575e-04	  2.6099e-01	      0.1291	     -0.0016	     -2.1149	     -3.0799	
           1	       react	           1	         -99	           0	          27	     7.03789	      4.2059	  2.7000e-01	      25.000	  0.00399802	    0.292128	           1	  0.00102398	    0.185687	  1.1804e-02	  4.5219e-03	  2.4424e-01	  1.4679e-04	  2.7099e-01	      0.1276	     -0.0057	     -2.1222	     -3.0488	
           1	       react	           1	         -99	           0	          28	       7.035	     4.21429	  2.8000e-01	      25.000	  0.00399802	    0.302371	           1	  0.00102398	    0.179195	  1.2003e-02	  4.5785e-03	  2.5373e-01	  1.4781e-04	  2.8099e-01	      0.1259	     -0.0099	     -2.1293	     -3.0189	
           1	       react	           1	         -99	           0	          29	     7.03217	     4.22257	  2.9000e-01	      25.000	  0.00399802	    0.312606	           1	  0.00102398	    0.173142	  1.2197e-02	  4.6331e-03	  2.6323e-01	  1.4880e-04	  2.9099e-01	      0.1243	     -0.0142	     -2.1363	     -2.9900	
           1	       react	           1	         -99	           0	          30	      7.0294	     4.23077	  3.0000e-01	      25.000	  0.00399802	    0.322835	           1	  0.00102398	    0.167484	  1.2385e-02	  4.6857e-03	  2.7275e-01	  1.4976e-04	  3.0099e-01	      0.1227	     -0.0184	     -2.1431	     -2.9620	
