         sim	       state	        soln	      dist_x	        time	        step	          pH	          pe	    reaction	        temp	         Alk	          mu	    mass_H2O	      charge	     pct_err	          Ca	           K	          Al	          Si	           C	     Calcite	   d_Calcite	  si_Calcite	si_K-feldspar	si_Kaolinite	   si_Quartz	
           1	      i_soln	           0	         -99	         -99	         -99	           4	          -4	         -99	     100.000	  0.00224067	   0.0364576	           1	   0.0127593	     17.4988	  0.0000e+00	  0.0000e+00	  0.0000e+00	  0.0000e+00	  5.0000e-01	  0.0000e+00	  0.0000e+00	   -999.9990	   -999.9990	   -999.9990	   -999.9990	
           1	      i_soln	           1	         -99	         -99	         -99	         7.5	          -4	         -99	     100.000	   0.0101484	   0.0548972	           1	   0.0249516	      26.501	  1.0000e-02	  1.0000e-04	  0.0000e+00	  1.0000e-04	  1.0000e-02	  0.0000e+00	  0.0000e+00	      2.1728	   -999.9990	   -999.9990	     -0.9091	
           1	      i_soln	           2	         -99	         -99	         -99	         7.5	          -4	         -99	     100.000	   0.0101484	   0.0548972	           1	   0.0249516	      26.501	  1.0000e-02	  1.0000e-04	  0.0000e+00	  1.0000e-04	  1.0000e-02	  0.0000e+00	  0.0000e+00	      2.1728	   -999.9990	   -999.9990	     -0.9091	
           1	      i_soln	           3	         -99	         -99	         -99	         7.5	          -4	         -99	     100.000	   0.0101484	   0.0548972	           1	   0.0249516	      26.501	  1.0000e-02	  1.0000e-04	  0.0000e+00	  1.0000e-04	  1.0000e-02	  0.0000e+00	  0.0000e+00	      2.1728	   -999.9990	   -999.9990	     -0.9091	
           1	      i_soln	           4	         -99	         -99	         -99	         7.5	          -4	         -99	     100.000	   0.0101484	   0.0548972	           1	   0.0249516	      26.501	  1.0000e-02	  1.0000e-04	  0.0000e+00	  1.0000e-04	  1.0000e-02	  0.0000e+00	  0.0000e+00	      2.1728	   -999.9990	   -999.9990	     -0.9091	
           1	      i_soln	           5	         -99	         -99	         -99	         7.5	          -4	         -99	     100.000	   0.0101484	   0.0548972	           1	   0.0249516	      26.501	  1.0000e-02	  1.0000e-04	  0.0000e+00	  1.0000e-04	  1.0000e-02	  0.0000e+00	  0.0000e+00	      2.1728	   -999.9990	   -999.9990	     -0.9091	
           1	      i_soln	           6	         -99	         -99	         -99	         7.5	          -4	         -99	     100.000	   0.0101484	   0.0548972	           1	   0.0249516	      26.501	  1.0000e-02	  1.0000e-04	  0.0000e+00	  1.0000e-04	  1.0000e-02	  0.0000e+00	  0.0000e+00	      2.1728	   -999.9990	   -999.9990	     -0.9091	
           1	      i_soln	           7	         -99	         -99	         -99	         7.5	          -4	         -99	     100.000	   0.0101484	   0.0548972	           1	   0.0249516	      26.501	  1.0000e-02	  1.0000e-04	  0.0000e+00	  1.0000e-04	  1.0000e-02	  0.0000e+00	  0.0000e+00	      2.1728	   -999.9990	   -999.9990	     -0.9091	
           1	      i_soln	           8	         -99	         -99	         -99	         7.5	          -4	         -99	     100.000	   0.0101484	   0.0548972	           1	   0.0249516	      26.501	  1.0000e-02	  1.0000e-04	  0.0000e+00	  1.0000e-04	  1.0000e-02	  0.0000e+00	  0.0000e+00	      2.1728	   -999.9990	   -999.9990	     -0.9091	
           1	      i_soln	           9	         -99	         -99	         -99	         7.5	          -4	         -99	     100.000	   0.0101484	   0.0548972	           1	   0.0249516	      26.501	  1.0000e-02	  1.0000e-04	  0.0000e+00	  1.0000e-04	  1.0000e-02	  0.0000e+00	  0.0000e+00	      2.1728	   -999.9990	   -999.9990	     -0.9091	
           1	      i_soln	          10	         -99	         -99	         -99	         7.5	          -4	         -99	     100.000	   0.0101484	   0.0548972	           1	   0.0249516	      26.501	  1.0000e-02	  1.0000e-04	  0.0000e+00	  1.0000e-04	  1.0000e-02	  0.0000e+00	  0.0000e+00	      2.1728	   -999.9990	   -999.9990	     -0.9091	
           1	       react	           0	         -99	           1	           1	     4.93662	    -2.54036	         -99	     100.000	   0.0246357	   0.0597515	    0.999804	   0.0127593	     12.1059	  1.1197e-02	  1.2376e-08	  1.5203e-07	  1.7678e-07	  5.1130e-01	  9.9888e+00	 -1.1195e-02	      0.0000	    -19.6788	     -7.3615	     -3.6402	
           1	      transp	           1	         0.5	           0	           0	     6.00373	    -2.50336	         -99	     100.000	  0.00235257	   0.0479903	     1.00006	   0.0249516	     29.5324	  6.1018e-03	  9.9994e-05	  0.0000e+00	  9.9994e-05	  6.1018e-03	  1.0004e+01	  3.8979e-03	      0.0000	   -999.9990	   -999.9990	     -0.8965	
           1	      transp	           5	         4.5	           0	           0	         7.5	          -4	         -99	     100.000	   0.0101484	   0.0548972	           1	   0.0249516	      26.501	  1.0000e-02	  1.0000e-04	  0.0000e+00	  1.0000e-04	  1.0000e-02	  0.0000e+00	  0.0000e+00	      2.1728	   -999.9990	   -999.9990	     -0.9091	
           1	      transp	          10	         9.5	           0	           0	         7.5	          -4	         -99	     100.000	   0.0101484	   0.0548972	           1	   0.0249516	      26.501	  1.0000e-02	  1.0000e-04	  0.0000e+00	  1.0000e-04	  1.0000e-02	  0.0000e+00	  0.0000e+00	      2.1728	   -999.9990	   -999.9990	     -0.9091	
           1	      transp	           1	         0.5	 1.57788e+07	           1	     5.02547	    -2.62978	         -99	     100.000	    0.027705	   0.0611485	    0.998947	   0.0131212	     11.6764	  8.2949e-03	  9.2344e-03	  6.6619e-09	  1.8466e-02	  4.9397e-01	  9.9975e+00	 -6.4250e-03	      0.0000	      0.0001	      0.0000	      1.3790	
           1	      transp	           5	         4.5	 1.57788e+07	           1	         7.5	          -4	         -99	     100.000	   0.0101484	   0.0548972	           1	   0.0249516	      26.501	  1.0000e-02	  1.0000e-04	  0.0000e+00	  1.0000e-04	  1.0000e-02	  0.0000e+00	  0.0000e+00	      2.1728	   -999.9990	   -999.9990	     -0.9091	
           1	      transp	          10	         9.5	 1.57788e+07	           1	         7.5	          -4	         -99	     100.000	   0.0101484	   0.0548972	           1	   0.0249516	      26.501	  1.0000e-02	  1.0000e-04	  0.0000e+00	  1.0000e-04	  1.0000e-02	  0.0000e+00	  0.0000e+00	      2.1728	   -999.9990	   -999.9990	     -0.9091	
           1	      transp	           1	         0.5	 3.15576e+07	           2	     5.02048	    -2.62485	         -99	     100.000	   0.0281345	   0.0613056	    0.998939	   0.0127701	     11.3289	  8.3176e-03	  9.2670e-03	  6.6462e-09	  1.8534e-02	  5.0841e-01	  9.9892e+00	 -8.3095e-03	      0.0000	      0.0001	     -0.0000	      1.3808	
           1	      transp	           5	         4.5	 3.15576e+07	           2	     7.49917	    -3.99912	         -99	     100.000	   0.0101413	   0.0548917	           1	   0.0249516	     26.5026	  9.9948e-03	  1.0322e-04	  8.4054e-11	  1.0644e-04	  9.9948e-03	  0.0000e+00	  0.0000e+00	      2.1717	    -10.1828	    -12.3807	     -0.8820	
           1	      transp	          10	         9.5	 3.15576e+07	           2	         7.5	          -4	         -99	     100.000	   0.0101484	   0.0548972	           1	   0.0249516	      26.501	  1.0000e-02	  1.0000e-04	  0.0000e+00	  1.0000e-04	  1.0000e-02	  0.0000e+00	  0.0000e+00	      2.1728	   -999.9990	   -999.9990	     -0.9091	
           1	      transp	           1	         0.5	 4.73364e+07	           3	     5.02033	    -2.62471	         -99	     100.000	    0.028147	   0.0613102	    0.998938	   0.0127596	     11.3187	  8.3183e-03	  9.2676e-03	  6.6460e-09	  1.8535e-02	  5.0884e-01	  9.9809e+00	 -8.3095e-03	      0.0000	      0.0000	     -0.0000	      1.3808	
           1	      transp	           5	         4.5	 4.73364e+07	           3	     6.99595	    -4.58758	         -99	     100.000	   0.0095544	   0.0548437	     0.99997	    0.024921	      26.422	  9.5321e-03	  4.1135e-04	  7.5393e-09	  7.2297e-04	  1.0788e-02	  0.0000e+00	  0.0000e+00	      1.6721	     -5.1065	     -5.7885	     -0.0405	
           1	      transp	          10	         9.5	 4.73364e+07	           3	         7.5	          -4	         -99	     100.000	   0.0101484	   0.0548972	           1	   0.0249516	      26.501	  1.0000e-02	  1.0000e-04	  0.0000e+00	  1.0000e-04	  1.0000e-02	  0.0000e+00	  0.0000e+00	      2.1728	   -999.9990	   -999.9990	     -0.9091	
           1	      transp	           1	         0.5	 6.31152e+07	           4	     5.02033	     -2.6247	         -99	     100.000	   0.0281474	   0.0613103	    0.998938	   0.0127593	     11.3184	  8.3184e-03	  9.2676e-03	  6.6460e-09	  1.8535e-02	  5.0885e-01	  9.9725e+00	 -8.3095e-03	      0.0000	      0.0000	      0.0000	      1.3808	
           1	      transp	           5	         4.5	 6.31152e+07	           4	     5.26343	    -2.86304	         -99	     100.000	  0.00561663	   0.0487273	    0.999677	    0.023685	     26.7835	  5.1730e-03	  3.9583e-03	  7.6100e-08	  7.8271e-03	  5.7132e-02	  0.0000e+00	  0.0000e+00	     -0.4559	     -0.2184	      1.3186	      0.9985	
           1	      transp	          10	         9.5	 6.31152e+07	           4	         7.5	          -4	         -99	     100.000	   0.0101484	   0.0548972	           1	   0.0249516	      26.501	  1.0000e-02	  1.0000e-04	  0.0000e+00	  1.0000e-04	  1.0000e-02	  0.0000e+00	  0.0000e+00	      2.1728	   -999.9990	   -999.9990	     -0.9091	
           1	      transp	           1	         0.5	  7.8894e+07	           5	     5.02033	     -2.6247	         -99	     100.000	   0.0281475	   0.0613103	    0.998938	   0.0127593	     11.3184	  8.3183e-03	  9.2677e-03	  6.6459e-09	  1.8535e-02	  5.0885e-01	  9.9642e+00	 -8.3095e-03	      0.0000	      0.0000	     -0.0000	      1.3808	
           1	      transp	           5	         4.5	  7.8894e+07	           5	     5.02673	    -2.63072	         -99	     100.000	    0.025221	   0.0597253	    0.999028	   0.0142767	     13.0198	  7.9201e-03	  8.6568e-03	  1.4904e-08	  1.7301e-02	  4.4612e-01	  0.0000e+00	  0.0000e+00	     -0.0406	      0.2378	      0.6428	      1.3499	
           1	      transp	          10	         9.5	  7.8894e+07	           5	     7.49999	    -4.08277	         -99	     100.000	   0.0101484	   0.0548971	           1	   0.0249516	      26.501	  1.0000e-02	  1.0001e-04	  3.5060e-13	  1.0003e-04	  1.0000e-02	  0.0000e+00	  0.0000e+00	      2.1728	    -12.6572	    -17.1959	     -0.9090	
           1	      transp	           1	         0.5	 9.46728e+07	           6	     5.02033	     -2.6247	         -99	     100.000	   0.0281474	   0.0613103	    0.998938	   0.0127593	     11.3184	  8.3184e-03	  9.2676e-03	  6.6460e-09	  1.8535e-02	  5.0885e-01	  9.9559e+00	 -8.3095e-03	      0.0000	      0.0000	      0.0000	      1.3808	
           1	      transp	           5	         4.5	 9.46728e+07	           6	     5.02101	    -2.62536	         -99	     100.000	   0.0279071	   0.0611843	    0.998945	   0.0128914	     11.4606	  8.2873e-03	  9.2217e-03	  7.2593e-09	  1.8442e-02	  5.0339e-01	  0.0000e+00	  0.0000e+00	     -0.0029	      0.0303	      0.0725	      1.3786	
           1	      transp	          10	         9.5	 9.46728e+07	           6	     7.49737	    -4.83442	         -99	     100.000	    0.010145	   0.0548987	           1	   0.0249515	     26.4998	  9.9974e-03	  1.0171e-04	  4.2294e-11	  1.0343e-04	  1.0003e-02	  0.0000e+00	  0.0000e+00	      2.1703	    -10.5246	    -12.9985	     -0.8944	
           1	      transp	           1	         0.5	 1.10452e+08	           7	     5.01841	    -2.62277	         -99	     100.000	   0.0280563	   0.0612577	    0.998957	   0.0127593	     11.3369	  8.3739e-03	  9.0655e-03	  6.8189e-09	  1.8131e-02	  5.0890e-01	  9.9476e+00	 -8.3652e-03	      0.0000	     -0.0293	      0.0026	      1.3712	
           1	      transp	           5	         4.5	 1.10452e+08	           7	     5.02038	    -2.62476	         -99	     100.000	   0.0281317	   0.0613023	    0.998939	   0.0127684	      11.328	  8.3164e-03	  9.2648e-03	  6.6824e-09	  1.8530e-02	  5.0848e-01	  0.0000e+00	  0.0000e+00	     -0.0002	      0.0019	      0.0045	      1.3807	
           1	      transp	          10	         9.5	 1.10452e+08	           7	     7.33341	    -4.90119	         -99	     100.000	   0.0100486	   0.0550589	    0.999993	   0.0249424	     26.4108	  9.9164e-03	  1.5817e-04	  1.3405e-09	  2.1641e-04	  1.0294e-02	  0.0000e+00	  0.0000e+00	      2.0184	     -7.8576	     -9.0195	     -0.5694	
           1	      transp	           1	         0.5	  1.2623e+08	           8	     5.01959	    -2.62396	         -99	     100.000	   0.0281124	   0.0612901	    0.998946	   0.0127593	     11.3255	  8.3396e-03	  9.1902e-03	  6.7052e-09	  1.8380e-02	  5.0887e-01	  9.9393e+00	 -8.2751e-03	      0.0000	     -0.0115	      0.0002	      1.3772	
           1	      transp	           5	         4.5	  1.2623e+08	           8	     5.02033	    -2.62471	         -99	     100.000	   0.0281465	   0.0613099	    0.998938	   0.0127599	     11.3189	  8.3183e-03	  9.2675e-03	  6.6479e-09	  1.8535e-02	  5.0883e-01	  0.0000e+00	  0.0000e+00	     -0.0000	      0.0001	      0.0002	      1.3808	
           1	      transp	          10	         9.5	  1.2623e+08	           8	     6.18364	     -3.7832	         -99	     100.000	  0.00917818	   0.0544015	    0.999929	   0.0247225	     26.2835	  9.0178e-03	  8.6562e-04	  1.5536e-08	  1.6331e-03	  1.8414e-02	  0.0000e+00	  0.0000e+00	      0.8432	     -3.4090	     -2.8467	      0.3172	
           1	      transp	           1	         0.5	 1.42009e+08	           9	     5.02033	     -2.6247	         -99	     100.000	   0.0281474	   0.0613103	    0.998938	   0.0127593	     11.3184	  8.3184e-03	  9.2676e-03	  6.6460e-09	  1.8535e-02	  5.0885e-01	  9.9310e+00	 -8.2882e-03	      0.0000	      0.0000	     -0.0000	      1.3808	
           1	      transp	           5	         4.5	 1.42009e+08	           9	     5.02033	     -2.6247	         -99	     100.000	   0.0281474	   0.0613103	    0.998938	   0.0127594	     11.3184	  8.3183e-03	  9.2677e-03	  6.6460e-09	  1.8535e-02	  5.0885e-01	  0.0000e+00	  0.0000e+00	     -0.0000	      0.0000	      0.0000	      1.3808	
           1	      transp	          10	         9.5	 1.42009e+08	           9	     5.18023	    -2.78121	         -99	     100.000	  0.00858623	   0.0508075	     0.99962	   0.0225674	     24.5721	  5.9650e-03	  4.2262e-03	  6.1277e-08	  8.3721e-03	  1.0378e-01	  0.0000e+00	  0.0000e+00	     -0.3303	     -0.2592	      1.2304	      1.0286	
           1	      transp	           1	         0.5	 1.57788e+08	          10	     5.02034	    -2.62471	         -99	     100.000	   0.0281479	   0.0613106	    0.998938	   0.0127593	     11.3183	  8.3181e-03	  9.2687e-03	  6.6440e-09	  1.8537e-02	  5.0885e-01	  9.9227e+00	 -8.3092e-03	      0.0000	      0.0001	     -0.0002	      1.3809	
           1	      transp	           5	         4.5	 1.57788e+08	          10	     5.02033	     -2.6247	         -99	     100.000	   0.0281474	   0.0613103	    0.998938	   0.0127593	     11.3184	  8.3184e-03	  9.2677e-03	  6.6459e-09	  1.8535e-02	  5.0885e-01	  0.0000e+00	  0.0000e+00	     -0.0000	      0.0000	      0.0000	      1.3808	
           1	      transp	          10	         9.5	 1.57788e+08	          10	      5.0289	    -2.63268	         -99	     100.000	     0.02368	   0.0588735	    0.999083	   0.0150255	     13.9158	  7.7303e-03	  8.2448e-03	  1.9407e-08	  1.6471e-02	  4.1517e-01	  0.0000e+00	  0.0000e+00	     -0.0644	      0.2693	      0.8296	      1.3280	
           1	      transp	           1	         0.5	 1.73567e+08	          11	     5.02033	    -2.62471	         -99	     100.000	   0.0281476	   0.0613104	    0.998938	   0.0127593	     11.3183	  8.3183e-03	  9.2679e-03	  6.6458e-09	  1.8536e-02	  5.0885e-01	  9.9144e+00	 -8.3095e-03	      0.0000	      0.0000	     -0.0000	      1.3808	
           1	      transp	           5	         4.5	 1.73567e+08	          11	     5.02033	    -2.62471	         -99	     100.000	   0.0281476	   0.0613104	    0.998938	   0.0127593	     11.3183	  8.3183e-03	  9.2680e-03	  6.6457e-09	  1.8536e-02	  5.0885e-01	  0.0000e+00	  0.0000e+00	     -0.0000	      0.0001	      0.0000	      1.3809	
           1	      transp	          10	         9.5	 1.73567e+08	          11	     5.02153	    -2.62582	         -99	     100.000	   0.0275348	   0.0609799	    0.998957	   0.0130787	     11.6684	  8.2373e-03	  9.1369e-03	  8.3414e-09	  1.8271e-02	  4.9565e-01	  0.0000e+00	  0.0000e+00	     -0.0081	      0.0750	      0.1851	      1.3744	
           1	      transp	           1	         0.5	 1.89346e+08	          12	     5.02033	     -2.6247	         -99	     100.000	   0.0281474	   0.0613103	    0.998938	   0.0127593	     11.3184	  8.3184e-03	  9.2676e-03	  6.6459e-09	  1.8535e-02	  5.0885e-01	  9.9061e+00	 -8.3095e-03	      0.0000	      0.0000	     -0.0000	      1.3808	
           1	      transp	           5	         4.5	 1.89346e+08	          12	     5.02033	    -2.62471	         -99	     100.000	   0.0281476	   0.0613104	    0.998938	   0.0127593	     11.3183	  8.3183e-03	  9.2680e-03	  6.6457e-09	  1.8536e-02	  5.0885e-01	  0.0000e+00	  0.0000e+00	     -0.0000	      0.0001	      0.0000	      1.3809	
           1	      transp	          10	         9.5	 1.89346e+08	          12	     5.02048	    -2.62484	         -99	     100.000	   0.0280843	   0.0612768	     0.99894	   0.0127932	      11.355	  8.3101e-03	  9.2549e-03	  6.8133e-09	  1.8509e-02	  5.0745e-01	  0.0000e+00	  0.0000e+00	     -0.0008	      0.0085	      0.0204	      1.3802	
           1	      transp	           1	         0.5	 2.05124e+08	          13	     5.02033	     -2.6247	         -99	     100.000	   0.0281474	   0.0613103	    0.998938	   0.0127593	     11.3184	  8.3184e-03	  9.2676e-03	  6.6460e-09	  1.8535e-02	  5.0885e-01	  9.8978e+00	 -8.3095e-03	      0.0000	      0.0000	      0.0000	      1.3808	
           1	      transp	           5	         4.5	 2.05124e+08	          13	     5.02033	     -2.6247	         -99	     100.000	   0.0281475	   0.0613103	    0.998938	   0.0127593	     11.3184	  8.3183e-03	  9.2677e-03	  6.6459e-09	  1.8535e-02	  5.0885e-01	  0.0000e+00	  0.0000e+00	     -0.0000	      0.0000	      0.0000	      1.3808	
           1	      transp	          10	         9.5	 2.05124e+08	          13	     5.02034	    -2.62472	         -99	     100.000	    0.028142	   0.0613075	    0.998939	   0.0127623	     11.3216	  8.3177e-03	  9.2666e-03	  6.6596e-09	  1.8533e-02	  5.0873e-01	  0.0000e+00	  0.0000e+00	     -0.0001	      0.0007	      0.0017	      1.3808	
           1	      transp	           1	         0.5	 2.20903e+08	          14	     5.02047	    -2.62484	         -99	     100.000	   0.0281541	   0.0613142	    0.998937	   0.0127593	      11.317	  8.3143e-03	  9.2824e-03	  6.6350e-09	  1.8565e-02	  5.0885e-01	  9.8895e+00	 -8.3054e-03	      0.0000	      0.0022	      0.0000	      1.3815	
           1	      transp	           5	         4.5	 2.20903e+08	          14	     5.02034	    -2.62471	         -99	     100.000	   0.0281478	   0.0613105	    0.998938	   0.0127593	     11.3183	  8.3181e-03	  9.2685e-03	  6.6453e-09	  1.8537e-02	  5.0885e-01	  0.0000e+00	  0.0000e+00	     -0.0000	      0.0001	     -0.0000	      1.3809	
           1	      transp	          10	         9.5	 2.20903e+08	          14	     5.02033	     -2.6247	         -99	     100.000	    0.028147	   0.0613101	    0.998938	   0.0127596	     11.3186	  8.3183e-03	  9.2676e-03	  6.6469e-09	  1.8535e-02	  5.0884e-01	  0.0000e+00	  0.0000e+00	     -0.0000	      0.0001	      0.0001	      1.3808	
           1	      transp	           1	         0.5	 2.36682e+08	          15	     5.02033	    -2.62471	         -99	     100.000	   0.0281476	   0.0613104	    0.998938	   0.0127593	     11.3183	  8.3183e-03	  9.2680e-03	  6.6457e-09	  1.8536e-02	  5.0885e-01	  9.8811e+00	 -8.3096e-03	      0.0000	      0.0001	      0.0000	      1.3809	
           1	      transp	           5	         4.5	 2.36682e+08	          15	     5.02033	    -2.62471	         -99	     100.000	   0.0281476	   0.0613104	    0.998938	   0.0127593	     11.3183	  8.3183e-03	  9.2680e-03	  6.6457e-09	  1.8536e-02	  5.0885e-01	  0.0000e+00	  0.0000e+00	     -0.0000	      0.0001	     -0.0000	      1.3808	
           1	      transp	          10	         9.5	 2.36682e+08	          15	     5.02033	     -2.6247	         -99	     100.000	   0.0281474	   0.0613103	    0.998938	   0.0127593	     11.3184	  8.3183e-03	  9.2677e-03	  6.6460e-09	  1.8535e-02	  5.0885e-01	  0.0000e+00	  0.0000e+00	     -0.0000	      0.0000	      0.0000	      1.3808	
           1	      transp	           1	         0.5	 2.52461e+08	          16	     5.02033	     -2.6247	         -99	     100.000	   0.0281474	   0.0613103	    0.998938	   0.0127593	     11.3184	  8.3184e-03	  9.2676e-03	  6.6460e-09	  1.8535e-02	  5.0885e-01	  9.8728e+00	 -8.3095e-03	      0.0000	      0.0000	     -0.0000	      1.3808	
           1	      transp	           5	         4.5	 2.52461e+08	          16	     5.02033	     -2.6247	         -99	     100.000	   0.0281475	   0.0613103	    0.998938	   0.0127593	     11.3184	  8.3183e-03	  9.2677e-03	  6.6459e-09	  1.8535e-02	  5.0885e-01	  0.0000e+00	  0.0000e+00	      0.0000	      0.0000	     -0.0000	      1.3808	
           1	      transp	          10	         9.5	 2.52461e+08	          16	     5.02033	    -2.62471	         -99	     100.000	   0.0281476	   0.0613104	    0.998938	   0.0127593	     11.3183	  8.3183e-03	  9.2680e-03	  6.6457e-09	  1.8536e-02	  5.0885e-01	  0.0000e+00	  0.0000e+00	     -0.0000	      0.0001	      0.0000	      1.3809	
           1	      transp	           1	         0.5	  2.6824e+08	          17	     5.02033	     -2.6247	         -99	     100.000	   0.0281474	   0.0613103	    0.998938	   0.0127593	     11.3184	  8.3184e-03	  9.2676e-03	  6.6460e-09	  1.8535e-02	  5.0885e-01	  9.8645e+00	 -8.3095e-03	      0.0000	      0.0000	     -0.0000	      1.3808	
           1	      transp	           5	         4.5	  2.6824e+08	          17	     5.02034	    -2.62472	         -99	     100.000	   0.0281481	   0.0613107	    0.998938	   0.0127593	     11.3182	  8.3179e-03	  9.2691e-03	  6.6448e-09	  1.8538e-02	  5.0885e-01	  0.0000e+00	  0.0000e+00	      0.0000	      0.0002	      0.0000	      1.3809	
           1	      transp	          10	         9.5	  2.6824e+08	          17	     5.02033	    -2.62471	         -99	     100.000	   0.0281476	   0.0613104	    0.998938	   0.0127593	     11.3183	  8.3183e-03	  9.2680e-03	  6.6457e-09	  1.8536e-02	  5.0885e-01	  0.0000e+00	  0.0000e+00	     -0.0000	      0.0001	      0.0000	      1.3809	
           1	      transp	           1	         0.5	 2.84018e+08	          18	     5.02033	     -2.6247	         -99	     100.000	   0.0281473	   0.0613102	    0.998938	   0.0127593	     11.3184	  8.3184e-03	  9.2674e-03	  6.6461e-09	  1.8535e-02	  5.0885e-01	  9.8562e+00	 -8.3096e-03	      0.0000	     -0.0000	     -0.0000	      1.3808	
           1	      transp	           5	         4.5	 2.84018e+08	          18	     5.02044	    -2.62481	         -99	     100.000	   0.0281528	   0.0613134	    0.998937	   0.0127593	     11.3173	  8.3151e-03	  9.2794e-03	  6.6373e-09	  1.8559e-02	  5.0885e-01	  0.0000e+00	  0.0000e+00	      0.0000	      0.0018	      0.0000	      1.3814	
           1	      transp	          10	         9.5	 2.84018e+08	          18	     5.02033	     -2.6247	         -99	     100.000	   0.0281475	   0.0613104	    0.998938	   0.0127593	     11.3184	  8.3183e-03	  9.2679e-03	  6.6458e-09	  1.8536e-02	  5.0885e-01	  0.0000e+00	  0.0000e+00	     -0.0000	      0.0000	      0.0000	      1.3808	
           1	      transp	           1	         0.5	 2.99797e+08	          19	     5.02033	     -2.6247	         -99	     100.000	   0.0281475	   0.0613103	    0.998938	   0.0127593	     11.3184	  8.3183e-03	  9.2678e-03	  6.6458e-09	  1.8536e-02	  5.0885e-01	  9.8479e+00	 -8.3090e-03	      0.0000	      0.0000	      0.0000	      1.3808	
           1	      transp	           5	         4.5	 2.99797e+08	          19	     5.02034	    -2.62472	         -99	     100.000	   0.0281482	   0.0613107	    0.998938	   0.0127593	     11.3182	  8.3179e-03	  9.2693e-03	  6.6447e-09	  1.8539e-02	  5.0885e-01	  0.0000e+00	  0.0000e+00	      0.0000	      0.0003	      0.0000	      1.3809	
           1	      transp	          10	         9.5	 2.99797e+08	          19	     5.02033	    -2.62471	         -99	     100.000	   0.0281478	   0.0613105	    0.998938	   0.0127593	     11.3183	  8.3182e-03	  9.2684e-03	  6.6454e-09	  1.8537e-02	  5.0885e-01	  0.0000e+00	  0.0000e+00	     -0.0000	      0.0001	     -0.0000	      1.3809	
           1	      transp	           1	         0.5	 3.15576e+08	          20	     5.02033	     -2.6247	         -99	     100.000	   0.0281474	   0.0613103	    0.998938	   0.0127593	     11.3184	  8.3184e-03	  9.2676e-03	  6.6460e-09	  1.8535e-02	  5.0885e-01	  9.8396e+00	 -8.3095e-03	      0.0000	      0.0000	      0.0000	      1.3808	
           1	      transp	           5	         4.5	 3.15576e+08	          20	     5.02033	     -2.6247	         -99	     100.000	   0.0281475	   0.0613103	    0.998938	   0.0127593	     11.3184	  8.3183e-03	  9.2677e-03	  6.6459e-09	  1.8535e-02	  5.0885e-01	  0.0000e+00	  0.0000e+00	      0.0000	      0.0000	      0.0000	      1.3808	
           1	      transp	          10	         9.5	 3.15576e+08	          20	     5.02033	    -2.62471	         -99	     100.000	   0.0281476	   0.0613104	    0.998938	   0.0127593	     11.3183	  8.3183e-03	  9.2680e-03	  6.6457e-09	  1.8536e-02	  5.0885e-01	  0.0000e+00	  0.0000e+00	      0.0000	      0.0001	     -0.0000	      1.3809	
