         sim	       state	        soln	      dist_x	        time	        step	          pH	          pe	    reaction	        temp	         Alk	          mu	    mass_H2O	      charge	     pct_err	          Cd	          Na	 m_Gth_sOCd+	  m_Mn_sOCd+	  m_Mn_wOCd+	      m_Cd+2	
           1	      i_soln	           1	         -99	         -99	         -99	           3	           4	         -99	      25.000	 -0.00109694	   0.0105502	       0.025	 2.74681e-05	     5.20754	  8.9000e-07	  1.0000e-02	  0.0000e+00	  0.0000e+00	  0.0000e+00	  8.7564e-07	
           1	       react	           1	         -99	           0	           1	      3.1979	     17.0213	  4.0000e-06	      25.000	-0.000695188	   0.0104268	   0.0250001	 2.15486e-05	     4.13363	  8.7927e-07	  1.0160e-02	  2.7981e-12	  4.7339e-09	  5.9881e-09	  8.6506e-07	
           1	       react	           1	         -99	           0	           2	     3.30402	        16.9	  8.0000e-06	      25.000	-0.000544489	   0.0104317	   0.0250001	 2.17645e-05	     4.17307	  8.7281e-07	  1.0320e-02	  4.5152e-12	  7.5856e-09	  9.5955e-09	  8.5871e-07	
           1	       react	           1	         -99	           0	           3	     3.44219	     16.7421	  1.2000e-05	      25.000	-0.000396122	   0.0104379	   0.0250002	 2.20366e-05	     4.22274	  8.5844e-07	  1.0480e-02	  8.3510e-12	  1.3927e-08	  1.7618e-08	  8.4457e-07	
           1	       react	           1	         -99	           0	           4	      3.6381	     16.5182	  1.6000e-05	      25.000	-0.000252311	   0.0104462	   0.0250003	 2.24187e-05	     4.29248	  8.1715e-07	  1.0640e-02	  1.9406e-11	  3.2148e-08	  4.0671e-08	  8.0395e-07	
           1	       react	           1	         -99	           0	           5	     3.95883	     16.1516	  2.0000e-05	      25.000	-0.000120565	   0.0104605	   0.0250004	 2.30923e-05	     4.41535	  6.4481e-07	  1.0800e-02	  6.5279e-11	  1.0819e-07	  1.3692e-07	  6.3440e-07	
           1	       react	           1	         -99	           0	           6	     4.54346	     15.4835	  2.4000e-05	      25.000	-3.13789e-05	   0.0104954	   0.0250004	 2.48128e-05	     4.72832	  1.4117e-07	  1.0960e-02	  1.8885e-10	  3.3024e-07	  4.1839e-07	  1.3889e-07	
           1	       react	           1	         -99	           0	           7	     5.22556	     14.7039	  2.8000e-05	      25.000	-6.52403e-06	   0.0105629	   0.0250005	 2.81722e-05	     5.33407	  7.9808e-09	  1.1120e-02	  1.9443e-10	  3.8892e-07	  4.9288e-07	  7.8520e-09	
           1	       react	           1	         -99	           0	           8	      5.7682	     14.0837	  3.2000e-05	      25.000	-1.86455e-06	   0.0106406	   0.0250006	 3.20509e-05	     6.02412	  7.6134e-10	  1.1280e-02	  1.8302e-10	  3.9211e-07	  4.9693e-07	  7.4905e-10	
           1	       react	           1	         -99	           0	           9	     6.18847	     13.6034	  3.6000e-05	      25.000	-6.93742e-07	     0.01072	   0.0250006	 3.60198e-05	     6.71991	  1.2932e-10	  1.1440e-02	  1.8718e-10	  3.9238e-07	  4.9728e-07	  1.2722e-10	
           1	       react	           1	         -99	           0	          10	     6.52377	     13.2202	  4.0000e-05	      25.000	-2.90993e-07	   0.0107998	   0.0250007	 4.00088e-05	     7.40894	  3.2697e-11	  1.1600e-02	  2.0235e-10	  3.9242e-07	  4.9732e-07	  3.2166e-11	
           1	       react	           1	         -99	           0	          11	     6.80072	     12.9036	  4.4000e-05	      25.000	 -1.0242e-07	   0.0108798	   0.0250008	 4.40037e-05	     8.08883	  1.0808e-11	  1.1760e-02	  2.2517e-10	  3.9242e-07	  4.9732e-07	  1.0631e-11	
           1	       react	           1	         -99	           0	          12	     7.03607	     12.6347	  4.8000e-05	      25.000	 2.16014e-08	   0.0109597	   0.0250009	 4.80003e-05	     8.75909	  4.3075e-12	  1.1920e-02	  2.5402e-10	  3.9241e-07	  4.9730e-07	  4.2358e-12	
           1	       react	           1	         -99	           0	          13	     7.24049	      12.401	  5.2000e-05	      25.000	 1.33355e-07	   0.0110397	   0.0250009	 5.19973e-05	      9.4197	  1.9676e-12	  1.2080e-02	  2.8811e-10	  3.9239e-07	  4.9729e-07	  1.9341e-12	
           1	       react	           1	         -99	           0	          14	     7.42109	     12.1946	  5.6000e-05	      25.000	  2.5627e-07	   0.0111197	    0.025001	 5.59941e-05	     10.0707	  9.9652e-13	  1.2240e-02	  3.2714e-10	  3.9237e-07	  4.9726e-07	  9.7907e-13	
           1	       react	           1	         -99	           0	          15	     7.58285	     12.0096	  6.0000e-05	      25.000	 4.03845e-07	   0.0111997	   0.0250011	 5.99903e-05	     10.7123	  5.4710e-13	  1.2399e-02	  3.7104e-10	  3.9235e-07	  4.9724e-07	  5.3716e-13	
           1	       react	           1	         -99	           0	          16	     7.72938	     11.8422	  6.4000e-05	      25.000	 5.85866e-07	   0.0112798	   0.0250012	 6.39857e-05	     11.3447	  3.2041e-13	  1.2559e-02	  4.1994e-10	  3.9233e-07	  4.9721e-07	  3.1431e-13	
           1	       react	           1	         -99	           0	          17	     7.86338	      11.689	  6.8000e-05	      25.000	 8.10754e-07	   0.0113599	   0.0250012	   6.798e-05	     11.9679	  1.9783e-13	  1.2719e-02	  4.7411e-10	  3.9231e-07	  4.9718e-07	  1.9385e-13	
           1	       react	           1	         -99	           0	          18	     7.98691	     11.5478	  7.2000e-05	      25.000	 1.08658e-06	     0.01144	   0.0250013	 7.19731e-05	     12.5821	  1.2764e-13	  1.2879e-02	  5.3389e-10	  3.9228e-07	  4.9714e-07	  1.2489e-13	
           1	       react	           1	         -99	           0	          19	      8.1016	     11.4164	  7.6000e-05	      25.000	 1.42154e-06	   0.0115201	   0.0250014	 7.59647e-05	     13.1875	  8.5469e-14	  1.3039e-02	  5.9977e-10	  3.9225e-07	  4.9710e-07	  8.3488e-14	
           1	       react	           1	         -99	           0	          20	     8.20875	     11.2943	  8.0000e-05	      25.000	 1.82428e-06	   0.0116002	   0.0250014	 7.99546e-05	     13.7842	  5.9082e-14	  1.3199e-02	  6.7230e-10	  3.9222e-07	  4.9706e-07	  5.7594e-14	
           1	       react	           1	         -99	           0	          21	      8.3094	     11.1792	  8.4000e-05	      25.000	 2.30404e-06	   0.0116804	   0.0250015	 8.39425e-05	     14.3723	  4.1982e-14	  1.3359e-02	  7.5216e-10	  3.9218e-07	  4.9702e-07	  4.0824e-14	
           1	       react	           1	         -99	           0	          22	     8.40441	     11.0705	  8.8000e-05	      25.000	 2.87084e-06	   0.0117607	   0.0250016	 8.79284e-05	      14.952	  3.0560e-14	  1.3519e-02	  8.4012e-10	  3.9214e-07	  4.9696e-07	  2.9630e-14	
           1	       react	           1	         -99	           0	          23	      8.4945	     10.9671	  9.2000e-05	      25.000	 3.53563e-06	    0.011841	   0.0250017	 9.19117e-05	     15.5233	  2.2725e-14	  1.3679e-02	  9.3710e-10	  3.9210e-07	  4.9691e-07	  2.1958e-14	
           1	       react	           1	         -99	           0	          24	     8.58026	     10.8696	  9.6000e-05	      25.000	 4.31042e-06	   0.0119213	   0.0250017	 9.58923e-05	     16.0864	  1.7222e-14	  1.3839e-02	  1.0442e-09	  3.9205e-07	  4.9685e-07	  1.6575e-14	
           1	       react	           1	         -99	           0	          25	     8.66222	     10.7759	  1.0000e-04	      25.000	 5.20849e-06	   0.0120017	   0.0250018	 9.98699e-05	     16.6414	  1.3277e-14	  1.3999e-02	  1.1625e-09	  3.9199e-07	  4.9678e-07	  1.2719e-14	
           1	       react	           1	         -99	           0	          26	      8.7408	      10.686	  1.0400e-04	      25.000	 6.24453e-06	   0.0120822	   0.0250019	 0.000103844	     17.1883	  1.0395e-14	  1.4159e-02	  1.2936e-09	  3.9193e-07	  4.9671e-07	  9.9043e-15	
           1	       react	           1	         -99	           0	          27	     8.81639	     10.5994	  1.0800e-04	      25.000	  7.4349e-06	   0.0121628	   0.0250019	 0.000107814	     17.7272	  8.2542e-15	  1.4319e-02	  1.4390e-09	  3.9187e-07	  4.9662e-07	  7.8161e-15	
           1	       react	           1	         -99	           0	          28	     8.88931	     10.5158	  1.1200e-04	      25.000	 8.79786e-06	   0.0122434	    0.025002	  0.00011178	     18.2582	  6.6399e-15	  1.4479e-02	  1.6007e-09	  3.9180e-07	  4.9653e-07	  6.2429e-15	
           1	       react	           1	         -99	           0	          29	     8.95988	     10.4347	  1.1600e-04	      25.000	 1.03539e-05	   0.0123241	   0.0250021	 0.000115741	     18.7813	  5.4059e-15	  1.4639e-02	  1.7810e-09	  3.9172e-07	  4.9643e-07	  5.0415e-15	
           1	       react	           1	         -99	           0	          30	     9.02833	     10.3574	  1.2000e-04	      25.000	  1.2126e-05	    0.012405	   0.0250022	 0.000119697	     19.2965	  4.4509e-15	  1.4799e-02	  1.9825e-09	  3.9163e-07	  4.9631e-07	  4.1125e-15	
